36.956
37.328
37.676
37.974
38.294
38.746
38.974
39.324
39.373999999999995
39.86
40.166
40.501999999999995
40.88799999999999
41.529999999999994
41.91999999999999
42.74999999999999
42.94799999999999
43.41199999999999
43.773999999999994
43.95400000000001
44.27600000000001
44.68000000000001
45.03
45.56399999999999
46.53799999999999
46.681999999999995
47.07599999999999
47.80199999999999
48.191999999999986
48.56799999999999
48.90199999999999
49.784000000000006
50.286000000000016
51.048
51.70600000000001
52.482000000000006
53.632000000000005
54.276
54.86599999999999
55.784
56.476000000000006
57.40200000000001
58.178000000000004
59.372
59.69200000000001
60.644000000000005
61.32000000000001
62.11600000000001
62.666000000000004
63.346000000000004
64.22200000000001
65.47200000000001
66.48200000000001
67.514
68.278
69.77000000000001
70.942
72.54
73.09800000000001
74.134
74.87799999999999
75.88599999999998
76.68799999999999
77.47800000000001
78.264
79.51400000000001
80.58
81.51400000000001
82.85400000000001
84.294
85.89800000000001
86.71600000000002
87.40800000000002
88.154
89.442
90.63799999999999
92.39
94.10199999999999
95.884
96.99199999999999
98.214
99.198
100.25999999999998
100.92599999999999
102.29199999999997
102.96199999999997
103.89599999999999
105.95599999999999
106.74199999999999
108.58200000000001
109.51200000000003
110.73000000000002
111.76800000000001
113.54800000000002
115.11400000000002
116.51800000000003
117.09400000000004
119.362
120.79
122.06200000000001
123.55400000000002
124.65
126.34800000000001
128.52800000000002
129.518
131.00400000000002
133.006
133.978
135.474
137.07399999999998
138.90200000000002
140.282
141.814
142.124
143.09
143.61599999999999
144.7
145.96599999999998
148.114
150.19
152.00400000000002
153.354
154.57399999999998
155.57399999999998
155.64799999999997
156.26399999999998
157.61799999999997
158.78799999999998
159.72199999999998
160.72400000000002
161.96
162.734
164.054
164.97799999999998
165.762
166.796
167.118
168.51
170.71400000000003
171.50999999999996
172.726
173.976
175.534
176.65599999999998
178.41999999999996
180.11999999999998
182.11199999999997
184.21399999999997
185.85599999999994
186.99599999999995
189.25599999999997
191.15400000000002
193.20399999999998
195.24
196.61800000000002
197.45600000000002
197.612
198.26600000000002
199.972
200.824
202.26
204.21000000000004
205.53000000000003
207.05800000000002
208.072
209.61800000000002
209.78800000000004
211.24800000000002
212.604
214.08
215.582
217.24599999999998
219.628
221.372
222.59799999999998
223.9
224.872
226.00799999999998
227.424
229.68599999999998
231.65400000000002
234.18600000000004
234.87599999999998
237.614
238.59800000000004
241.57
242.32600000000002
243.07800000000006
244.92000000000004
246.31400000000005
248.76800000000003
250.64
252.94199999999998
253.702
254.72799999999998
256.832
259.45799999999997
259.69199999999995
261.87
263.476
265.56000000000006
267.802
269.75800000000004
270.122
272.228
272.83799999999997
272.616
273.71199999999993
274.78
275.50199999999995
276.85799999999995
278.296
279.518
280.978
281.87800000000004
283.38599999999997
284.936
285.13599999999997
285.942
286.946
286.98800000000006
287.90200000000004
289.23
290.26
292.468
293.522
294.96
295.518
296.452
297.16
298.754
299.42400000000004
299.97
300.226
302.07800000000003
302.826
303.84799999999996
304.06199999999995
303.138
304.584
305.91200000000003
306.338
306.29600000000005
306.166
306.89599999999996
307.256
308.03
308.598
309.884
311.50800000000004
311.096
311.95399999999995
311.812
312.314
312.482
313.57599999999996
315.734
317.18399999999997
318.354
320.158
321.64
322.818
324.33799999999997
326.772
327.63599999999997
328.806
330.2939999999999
331.57599999999996
332.462
333.164
333.596
334.846
334.44599999999997
335.75199999999995
337.48799999999994
339.092
339.5259999999999
339.57599999999996
339.58799999999997
339.02399999999994
339.5899999999999
340.37799999999993
342.31199999999995
342.83
343.736
344.236
346.44199999999995
345.97
347.28
346.548
345.52200000000005
345.616
345.56800000000004
346.54799999999994
347.37800000000004
347.29600000000005
347.034
348.1360000000001
347.80600000000004
347.93200000000013
347.7720000000001
347.348
347.218
347.91200000000003
348.07800000000003
349.03200000000004
350.768
352.452
353.7439999999999
354.54799999999994
354.27
355.18199999999996
355.12
355.5440000000001
357.494
358.46799999999996
360.094
362.30199999999996
363.04599999999994
364.12999999999994
366.092
366.908
368.74999999999994
370.866
370.95599999999996
373.06
374.19999999999993
375.87999999999994
378.3599999999999
380.15799999999996
381.51599999999996
383.13
384.56199999999995
386.52
387.986
389.73600000000005
391.12600000000015
392.37000000000006
394.0160000000001
394.62
395.716
396.65
397.982
399.6240000000001
399.9420000000001
400.4020000000001
400.92600000000016
401.514
401.274
401.298
402.08600000000007
401.32200000000006
402.08
402.0799999999999
403.606
403.736
403.406
404.02
403.98199999999997
403.718
403.978
404.306
403.182
402.094
402.954
402.292
403.63599999999997
403.704
403.7439999999999
404.48999999999995
404.1699999999999
404.754
406.03
406.73
405.884
405.22200000000004
405.39200000000005
406.24
406.25
407.46799999999996
407.736
408.07800000000003
408.4140000000001
408.79600000000005
408.75200000000007
409.34200000000004
409.724
411.04999999999995
411.2519999999999
412.23599999999993
412.61799999999994
413.032
413.26
414.05999999999995
414.1019999999999
415.0439999999999
415.10400000000004
415.2800000000001
416.406
416.78799999999995
416.422
417.92600000000004
418.04200000000003
417.59200000000004
418.74
419.26800000000003
418.54
418.4460000000001
418.5380000000001
419.01200000000006
420.028
419.99600000000015
420.81200000000007
422.07000000000005
421.77
422.12799999999993
421.85400000000004
421.904
421.60200000000003
421.1640000000001
421.482
421.892
420.608
419.83399999999995
420.54600000000005
420.48400000000004
420.81800000000004
420.9040000000001
420.48800000000006
421.32000000000005
420.81000000000006
421.21
422.154
422.35400000000004
421.108
421.32000000000005
421.27200000000005
422.404
423.318
424.078
424.17199999999997
424.586
424.7299999999999
425.05799999999994
426.12999999999994
427.35200000000003
428.13599999999997
428.27799999999996
428.846
429.38000000000005
430.43000000000006
431.226
431.156
431.5
431.46799999999996
431.36799999999994
431.8599999999999
431.50799999999987
431.72
431.20799999999997
431.81199999999995
430.138
431.13800000000003
430.9140000000001
430.2660000000001
429.45400000000006
429.154
427.838
427.106
425.80000000000007
425.1220000000001
423.3900000000001
422.4720000000001
421.7980000000001
422.57400000000007
422.30600000000004
422.85400000000004
422.82400000000007
422.908
422.47600000000006
421.50200000000007
420.654
420.184
419.61800000000005
420.15
419.23400000000004
418.35400000000004
418.276
417.286
417.522
418.45000000000005
418.63800000000003
418.17600000000004
417.416
417.56600000000003
417.04799999999994
417.92999999999995
417.80199999999996
416.18199999999996
415.792
416.2659999999999
415.52399999999994
415.67400000000004
416.79600000000005
414.98800000000006
415.11
415.642
414.952
415.12
413.9939999999999
413.66599999999994
413.77399999999994
414.12
414.14799999999997
413.88200000000006
413.58600000000007
413.4700000000001
412.974
412.876
412.8039999999999
411.98399999999987
412.21399999999994
411.68199999999996
411.18799999999993
410.904
410.55800000000005
409.55799999999994
408.454
408.45400000000006
407.08400000000006
406.80600000000004
406.72
406.24199999999996
406.90799999999996
408.15399999999994
407.1139999999999
407.90399999999994
407.20599999999996
407.2699999999999
406.7339999999999
406.952
407.20599999999996
407.874
408.13599999999997
408.034
407.9120000000001
407.8460000000001
407.71600000000007
408.45000000000005
408.86600000000004
408.86600000000004
409.55400000000003
409.6360000000001
410.362
410.536
411.764
412.612
412.4000000000001
413.3960000000001
414.69200000000006
414.69800000000004
416.62200000000007
417.5240000000001
417.77200000000005
419.21200000000005
420.89399999999995
421.11999999999995
422.70399999999995
424.31800000000004
425.014
426.56600000000003
428.5120000000001
430.01800000000003
430.774
431.14
432.292
432.81999999999994
433.712
434.204
434.504
435.6
436.44800000000004
437.228
437.63200000000006
438.286
439.202
440.0439999999999
440.85400000000004
442.23800000000006
442.964
443.42199999999997
443.86799999999994
444.97399999999993
445.97799999999995
446.68199999999996
447.212
447.124
446.43600000000004
447.43
448.6400000000001
449.31800000000004
450.06
450.666
450.95
452.242
451.73600000000005
452.536
453.7560000000001
453.594
455.426
454.61400000000003
454.62000000000006
455.1640000000001
455.81000000000006
456.55000000000007
456.814
457.13400000000007
457.6000000000001
458.2840000000001
459.26199999999994
460.4
460.592
461.71799999999996
463.07599999999996
463.376
464.29
464.50800000000004
465.00200000000007
464.914
464.95
465.612
465.08600000000007
465.1
464.056
463.78799999999995
464.352
464.2339999999999
464.852
464.546
464.29799999999994
464.36800000000005
464.744
464.434
464.18000000000006
464.5060000000001
464.62800000000004
464.694
465.27
465.12800000000004
465.02200000000005
464.682
464.682
465.09600000000006
465.09600000000006
465.66600000000005
465.284
465.28399999999993
466.21399999999994
466.21399999999994
466.66600000000005
466.66200000000003
466.66200000000003
466.66200000000003
467.726
467.72600000000006
467.564
467.90200000000004
467.76200000000006
467.62
468.64599999999996
468.85400000000004
468.9840000000001
468.98400000000004
468.98400000000004
468.58600000000007
468.892
468.8740000000001
468.8740000000001
469.45200000000006
470.1040000000001
470.496
469.85400000000004
469.2700000000001
469.73400000000004
469.6700000000001
469.6700000000001
469.5640000000001
469.7560000000001
469.7560000000001
469.648
469.54400000000004
469.64
469.64
469.67400000000004
469.73
469.94800000000004
470.21600000000007
471.3960000000001
472.02200000000005
472.02200000000005
472.02200000000005
471.79799999999994
471.4099999999999
471.7199999999999
472.236
472.6739999999999
473.098
473.36199999999997
473.98199999999997
473.59399999999994
474.656
475.06399999999996
475.06399999999996
475.06399999999996
475.358
475.93
475.8440000000001
476.35
476.75
476.75
476.74999999999994
477.228
477.21600000000007
477.21600000000007
477.578
477.616
477.11999999999995
477.98399999999987
478.4879999999999
479.82199999999995
479.53600000000006
480.50200000000007
480.7340000000001
481.7780000000001
481.922
482.254
482.00399999999996
481.6359999999999
482.1259999999999
482.58399999999995
482.584
482.584
482.894
483.45
483.19599999999997
482.902
481.792
481.18
481.26000000000005
481.63200000000006
481.88800000000003
480.81
481.26199999999994
481.14799999999997
480.5539999999999
480.356
479.874
479.40799999999996
478.56800000000004
477.7160000000001
476.65800000000013
476.22
475.51599999999996
475.07
474.602
474.92
474.5200000000001
474.80400000000003
474.6600000000001
474.04600000000005
473.81600000000003
473.5060000000001
473.04200000000003
472.61800000000005
472.55400000000003
472.108
471.0280000000001
470.55000000000007
469.9380000000001
468.548
467.77200000000005
467.63200000000006
467.052
466.44000000000005
466.13000000000005
465.57400000000007
465.50000000000006
464.86400000000003
464.168
463.6040000000001
463.06000000000006
462.61000000000007
461.58
461.014
460.414
459.844
459.53200000000004
459.218
458.51600000000013
457.95000000000016
457.32000000000005
456.84
456.682
456.11800000000005
455.12799999999993
455.22600000000006
454.616
454.10200000000003
453.578
453.426
453.728
453.418
453.05400000000003
452.506
452.13399999999996
451.59399999999994
450.828
450.48799999999994
450.04799999999994
449.69799999999987
449.2859999999999
448.744
448.98800000000006
448.58200000000005
448.73
448.602
449.782
449.4199999999999
449.4199999999999
449.42
450.082
450.082
450.31399999999996
450.31399999999996
450.43800000000005
450.582
450.95
451.454
451.454
451.964
451.964
451.91
451.9099999999999
451.9099999999999
452.22
452.514
453.58
454.19200000000006
453.76800000000003
453.76800000000003
453.85200000000003
454.764
454.914
455.028
455.62200000000007
455.85400000000004
456.336
456.80199999999996
457.642
458.494
459.09200000000004
459.53
460.23400000000004
460.68
461.148
461.49
462.01199999999994
462.144
462.356
462.67199999999997
462.876
463.1
462.33799999999997
462.43800000000005
462.9640000000001
463.256
464.45799999999997
464.684
465.264
466.654
467.44800000000004
468.23
469.2
469.81200000000007
470.35400000000004
470.91
471.42400000000004
472.06
472.756
473.42800000000005
474.284
474.98799999999994
475.82599999999996
475.728
475.37
475.93999999999994
476.63599999999997
477.19599999999997
477.56200000000007
478.12799999999993
478.75800000000004
