33.693999999999996
33.82
33.936
34.194
34.492000000000004
34.78999999999999
35.092
35.43599999999999
35.84
36.122
36.546
36.91
37.138
37.35999999999999
37.604
37.849999999999994
38.092
38.816
39.174
39.204
39.63
39.902
40.264
40.956
41.048
41.356
41.45400000000001
41.602
41.86
42.242
42.36599999999999
42.69799999999999
43.028
43.276
43.578
44.018
44.29599999999999
44.36999999999999
44.395999999999994
44.443999999999996
44.75
45.056000000000004
45.39
45.756
46.150000000000006
46.55200000000001
47.00200000000001
47.571999999999996
47.91400000000001
48.498000000000005
49.044000000000004
49.45799999999999
49.593999999999994
49.996
50.71000000000001
50.96200000000001
51.251999999999995
51.32800000000001
51.63399999999999
52.14999999999999
52.696
53.188
53.412
54.38799999999999
54.68599999999999
55.626
56.034000000000006
56.256
56.82000000000001
57.156000000000006
57.81
58.51
58.81
59.181999999999995
60.228
60.63000000000001
61.16400000000001
61.978
62.766000000000005
63.53
63.818000000000005
64.394
64.848
65.284
65.788
66.388
67.072
67.852
68.82799999999999
69.604
69.922
71.28399999999999
71.782
72.578
73.192
73.614
73.652
74.48400000000001
75.16
75.66000000000001
76.45000000000002
77.29200000000002
78.31
78.962
79.834
80.518
80.924
81.88
82.972
83.764
84.25
85.384
86.15199999999999
86.74600000000001
87.634
88.48200000000001
89.03600000000002
89.77
90.62199999999999
91.39
91.92599999999999
92.42
93.02999999999999
92.92999999999998
93.91799999999998
94.61199999999997
95.30999999999999
96.15199999999999
96.87
97.36599999999997
98.48999999999998
99.23199999999997
99.60999999999999
100.92199999999998
101.43400000000001
102.262
102.51000000000002
103.98000000000002
105.046
105.76199999999999
106.61399999999998
107.57599999999998
108.28799999999997
109.16199999999998
110.082
110.94200000000001
112.42200000000001
113.084
114.836
115.95
116.212
117.34400000000001
118.228
120.34
121.3
122.692
123.99599999999998
125.706
126.90599999999999
128.02200000000002
128.736
129.44799999999998
130.85199999999998
131.81599999999997
132.878
133.244
134.03199999999998
135.434
136.838
137.434
138.03400000000002
138.952
140.192
141.518
141.372
142.46400000000003
143.71
144.36399999999998
145.64999999999998
146.83599999999996
148.03599999999997
149.05599999999998
150.67799999999997
152.20999999999998
153.95399999999998
154.86599999999999
156.69799999999998
157.11399999999995
158.05599999999998
159.45
160.852
160.738
162.106
163.21
164.21200000000002
165.798
166.31799999999996
167.142
168.34600000000003
169.72799999999998
171.65200000000002
172.89399999999998
173.72799999999998
174.74400000000003
175.708
176.72799999999995
178.57799999999995
179.90999999999997
181.44
182.794
184.114
185.22000000000003
185.88400000000004
187.84400000000002
188.72999999999996
189.79999999999995
191.77399999999994
192.30799999999996
193.93599999999995
195.76799999999994
197.194
198.202
199.63999999999996
202.02399999999994
204.378
205.88799999999995
207.35399999999998
209.84599999999998
212.206
213.14399999999998
213.638
214.95399999999998
217.696
218.638
219.748
221.08399999999997
223.27200000000002
225.37799999999996
227.13799999999995
229.26399999999998
230.894
232.39600000000002
233.97800000000004
236.104
236.91999999999996
237.57399999999998
238.43
239.176
239.578
240.84000000000003
241.984
244.222
245.28799999999995
246.17199999999997
246.8
247.75799999999998
248.708
248.87399999999997
250.51799999999994
251.44999999999996
252.88199999999998
253.30999999999997
253.308
254.27399999999997
255.76400000000004
257.42800000000005
258.4
259.982
261.04
262.954
265.098
266.86
267.68800000000005
269.276
270.79
272.88599999999997
272.904
274.72
275.70599999999996
276.32200000000006
278.73600000000005
279.8880000000001
281.74
282.232
282.798
285.096
284.824
286.438
287.56199999999995
288.55199999999996
289.566
291.058
291.906
293.178
294.858
295.256
298.21
299.218
300.50399999999996
301.44599999999997
301.29600000000005
303.354
304.556
305.99
307.7
309.406
310.38599999999997
311.448
311.944
313.48199999999997
314.33799999999997
315.50199999999995
317.84
318.58599999999996
320.02599999999995
321.818
322.784
324.36
325.39
326.718
328.36400000000003
330.006
331.218
331.16
331.69199999999995
331.764
332.824
332.69800000000004
333.64
335.842
336.55
338.01
338.138
338.72
339.79200000000003
341.56800000000004
341.81
342.17799999999994
342.4019999999999
343.0419999999999
343.93799999999993
344.3639999999999
345.34
346.102
347.08
349.84200000000004
350.09200000000004
351.7
352.4759999999999
353.05
354.45399999999995
354.67199999999997
355.75399999999996
355.82800000000003
356.42800000000005
357.434
357.41399999999993
358.27399999999994
358.37199999999996
359.2699999999999
359.816
361.418
362.94000000000005
363.12800000000004
362.828
363.04799999999994
363.93799999999993
363.99799999999993
363.952
363.94000000000005
364.20400000000006
363.3440000000001
364.1880000000001
363.9940000000001
363.88200000000006
362.99000000000007
363.45200000000006
363.5
362.966
363.29
362.31199999999995
362.44
361.37199999999996
361.5959999999999
361.29399999999987
360.584
361.102
361.67
362.13599999999997
362.0
361.13599999999997
360.764
361.582
362.85
363.76
365.228
365.0120000000001
365.668
365.92
367.432
368.3619999999999
368.3959999999999
368.96999999999986
370.01399999999995
369.93
370.2660000000001
371.43800000000005
371.54799999999994
372.11400000000003
372.454
373.5439999999999
373.70799999999997
372.2339999999999
373.22799999999995
373.948
373.768
374.39799999999997
374.54
374.8
374.37999999999994
375.06199999999995
375.85799999999995
377.0300000000001
378.45799999999997
378.824
380.60799999999995
381.99800000000005
382.49
382.45599999999996
383.24799999999993
385.25800000000004
385.968
387.06199999999995
388.648
389.63599999999997
388.6
389.876
389.63599999999997
390.6039999999999
390.82
390.65
390.94
390.82399999999996
390.434
391.34
390.644
390.94599999999997
391.626
392.2
392.36199999999997
392.78600000000006
392.216
392.75800000000004
392.666
393.126
393.156
393.56800000000004
394.62799999999993
395.22
395.2900000000001
395.874
395.80800000000005
396.1739999999999
396.98400000000004
398.212
398.86
398.6500000000001
398.15
399.05600000000004
399.634
399.73
400.36400000000003
400.584
400.39399999999995
401.62399999999997
401.798
403.1400000000001
403.274
403.5799999999999
404.4779999999999
404.49999999999994
405.202
406.2559999999999
406.8399999999999
407.858
408.57199999999995
409.786
410.584
411.14599999999996
411.38200000000006
413.1640000000001
414.71200000000005
414.776
414.28799999999995
413.63199999999995
413.60599999999994
413.69399999999996
414.24999999999994
414.7719999999999
414.282
414.522
414.316
414.44599999999997
413.17400000000004
413.2259999999999
413.202
411.7859999999999
411.67800000000005
411.63599999999997
411.2980000000001
411.14799999999997
411.066
411.902
410.634
408.95200000000006
408.306
407.858
407.4839999999999
407.944
408.17599999999993
407.17
407.094
406.56600000000003
406.166
405.8919999999999
405.6919999999999
405.0879999999999
405.1019999999999
404.61999999999995
403.57599999999996
402.86
402.6700000000001
402.27
401.94200000000006
402.32
403.19200000000006
403.3
403.362
403.06800000000004
403.35799999999995
404.278
404.69199999999995
405.53799999999995
406.398
406.37
406.694
407.754
407.89399999999995
408.496
408.866
408.29600000000005
409.224
409.49200000000013
409.834
409.492
410.0999999999999
411.586
411.532
411.556
411.81
411.47799999999995
411.9079999999999
411.70799999999997
411.45399999999995
411.8539999999999
411.48199999999997
410.722
410.45999999999987
410.66399999999993
410.698
410.65399999999994
411.34799999999996
412.306
411.884
412.3819999999999
413.102
413.27
414.094
415.74
416.28600000000006
417.38800000000003
418.286
419.1
420.352
421.38199999999995
421.19800000000004
421.58
421.86600000000004
422.51800000000003
423.29
422.8599999999999
423.42600000000004
424.32
424.40200000000004
424.4440000000001
424.838
425.02200000000005
424.606
424.306
424.05800000000005
423.86799999999994
423.464
423.19599999999997
423.0059999999999
421.9959999999999
421.93999999999994
422.34799999999996
422.75999999999993
422.1959999999999
421.842
421.4979999999999
421.22799999999995
422.07
422.7100000000001
424.4240000000001
425.56800000000004
425.89599999999996
426.48800000000006
426.2299999999999
426.958
427.74199999999996
428.2199999999999
428.3579999999999
429.07199999999995
429.41799999999995
429.87
430.152
430.958
431.112
431.7060000000001
432.672
432.964
433.36400000000003
433.69199999999995
434.038
433.88199999999995
433.556
434.32599999999996
435.11
435.704
436.0240000000001
435.784
436.208
436.35599999999994
435.392
435.782
435.52600000000007
435.598
435.902
436.56800000000004
437.836
438.2779999999999
438.8499999999999
439.7519999999999
440.712
441.19199999999995
441.13999999999993
441.776
442.32599999999996
442.7779999999999
442.91399999999993
443.43999999999994
444.39799999999997
445.39399999999995
445.66599999999994
446.67599999999993
449.08799999999997
450.71
450.82399999999996
451.166
451.9199999999999
452.44599999999986
452.67399999999986
454.846
455.0399999999999
455.32
455.51
455.228
455.13
454.81
453.99
453.7939999999999
453.45200000000006
453.5300000000001
453.22600000000006
454.148
454.20399999999995
453.508
453.23800000000006
452.492
453.29400000000004
453.07599999999996
451.92
451.5200000000001
452.1040000000001
452.3900000000001
451.7560000000001
452.6780000000001
453.62800000000004
454.172
454.9040000000001
455.6480000000001
456.18800000000005
457.68
458.404
459.194
459.486
459.094
460.194
460.64200000000005
461.236
462.256
462.3260000000001
462.30600000000004
462.4180000000001
461.778
462.356
463.20200000000006
463.59799999999996
463.444
462.95799999999997
463.0760000000001
463.152
463.01599999999996
462.976
463.0
463.32200000000006
463.32200000000006
463.64400000000006
464.094
464.094
463.32
463.02
462.87
462.63
463.18800000000005
463.53200000000004
463.534
463.534
462.76400000000007
462.76400000000007
463.454
463.45400000000006
463.482
464.2380000000001
464.23800000000006
464.31800000000004
464.594
464.594
464.13
464.194
463.222
462.34799999999996
462.50399999999996
463.222
463.222
463.418
463.6140000000001
462.80800000000005
462.888
463.866
464.35799999999995
464.63800000000003
464.63800000000003
463.7240000000001
463.76800000000003
464.01000000000005
464.44599999999997
464.89400000000006
465.536
465.408
465.606
465.60600000000005
464.782
464.9
465.642
465.79200000000003
466.474
466.724
467.02200000000005
468.296
468.55
468.792
468.792
469.096
468.93199999999996
469.03
468.982
469.25199999999995
470.21600000000007
470.148
470.42400000000004
471.094
471.84799999999996
472.18999999999994
472.19
473.43799999999993
473.074
473.074
473.54600000000005
473.47399999999993
473.84
473.91399999999993
473.98999999999995
474.78799999999995
474.596
475.25600000000014
475.92200000000014
475.2580000000001
475.5380000000001
475.44600000000014
474.6780000000001
474.324
474.74800000000005
474.42799999999994
475.03
474.42800000000005
473.82
473.218
472.668
473.482
473.31600000000014
473.28600000000006
473.03600000000006
472.74
472.25199999999995
471.74600000000004
471.1360000000001
471.536
471.37
471.096
471.75199999999995
471.522
471.3119999999999
471.18199999999996
470.582
470.594
470.594
470.594
471.218
471.21799999999996
471.50800000000004
471.48800000000006
471.48800000000006
472.402
472.40200000000004
472.92
472.866
472.86599999999993
473.3299999999999
473.3299999999999
474.33600000000007
475.21
474.94
474.94
474.44800000000004
474.5300000000001
474.154
475.1680000000001
475.486
475.486
475.3040000000001
475.30400000000003
475.3040000000001
476.48600000000005
476.2660000000001
476.26599999999996
476.20200000000006
475.73799999999994
475.40399999999994
475.092
474.94000000000005
473.98800000000006
474.16600000000005
474.112
473.862
474.07800000000003
473.662
472.69800000000004
472.2299999999999
471.286
470.84799999999996
470.256
469.42199999999997
468.89599999999996
468.55800000000005
467.742
468.41200000000003
467.8300000000001
467.4440000000001
467.3860000000001
467.274
467.81
468.11800000000005
467.708
467.38800000000003
467.574
468.06
467.91
467.91
