35.0
20.0
31.0
34.0
15.0
16.0
20.0
43.0
44.0
14.0
16.0
15.0
24.0
13.0
21.0
78.0
21.0
14.0
52.0
31.0
40.0
34.0
107.0
16.0
19.0
17.0
20.0
21.0
22.0
47.0
18.0
25.0
37.0
47.0
63.0
39.0
26.0
24.0
19.0
59.0
33.0
21.0
49.0
20.0
19.0
43.0
42.0
59.0
34.0
29.0
22.0
71.0
17.0
22.0
39.0
40.0
28.0
28.0
37.0
58.0
31.0
18.0
27.0
26.0
25.0
44.0
34.0
17.0
48.0
89.0
49.0
60.0
41.0
48.0
89.0
29.0
48.0
27.0
54.0
30.0
63.0
22.0
31.0
42.0
41.0
70.0
27.0
61.0
37.0
45.0
29.0
49.0
57.0
26.0
31.0
33.0
27.0
70.0
31.0
42.0
81.0
33.0
30.0
21.0
46.0
55.0
45.0
38.0
37.0
50.0
46.0
48.0
23.0
69.0
50.0
39.0
55.0
62.0
86.0
42.0
29.0
143.0
48.0
30.0
40.0
62.0
33.0
43.0
105.0
29.0
83.0
130.0
53.0
84.0
25.0
40.0
65.0
47.0
52.0
23.0
25.0
172.0
35.0
102.0
29.0
51.0
34.0
36.0
56.0
34.0
31.0
35.0
178.0
52.0
120.0
66.0
47.0
51.0
63.0
44.0
58.0
71.0
19.0
57.0
60.0
70.0
61.0
38.0
77.0
91.0
55.0
34.0
52.0
120.0
125.0
84.0
57.0
71.0
77.0
65.0
65.0
66.0
134.0
47.0
217.0
78.0
47.0
50.0
20.0
96.0
19.0
37.0
65.0
50.0
88.0
88.0
103.0
79.0
92.0
121.0
170.0
167.0
67.0
128.0
139.0
89.0
153.0
136.0
137.0
50.0
138.0
111.0
59.0
153.0
120.0
92.0
26.0
50.0
127.0
142.0
106.0
129.0
195.0
179.0
33.0
66.0
77.0
74.0
108.0
280.0
124.0
113.0
39.0
187.0
124.0
168.0
153.0
236.0
137.0
52.0
209.0
120.0
101.0
245.0
92.0
138.0
194.0
305.0
181.0
133.0
161.0
204.0
190.0
127.0
62.0
121.0
174.0
55.0
155.0
197.0
108.0
305.0
171.0
178.0
213.0
165.0
149.0
114.0
127.0
76.0
154.0
129.0
56.0
143.0
202.0
245.0
163.0
257.0
396.0
202.0
173.0
166.0
409.0
174.0
33.0
201.0
127.0
76.0
86.0
120.0
190.0
50.0
280.0
154.0
205.0
167.0
190.0
184.0
290.0
154.0
164.0
253.0
214.0
195.0
254.0
376.0
204.0
286.0
272.0
464.0
377.0
109.0
155.0
357.0
149.0
232.0
284.0
312.0
227.0
198.0
263.0
262.0
339.0
491.0
286.0
394.0
325.0
464.0
500.0
173.0
167.0
143.0
112.0
182.0
156.0
175.0
111.0
137.0
133.0
35.0
112.0
175.0
178.0
171.0
264.0
109.0
277.0
252.0
310.0
155.0
182.0
309.0
218.0
257.0
292.0
258.0
301.0
269.0
135.0
127.0
472.0
263.0
500.0
500.0
139.0
292.0
454.0
468.0
497.0
327.0
322.0
208.0
500.0
437.0
500.0
430.0
232.0
334.0
269.0
193.0
455.0
369.0
496.0
464.0
278.0
500.0
500.0
207.0
239.0
307.0
420.0
303.0
452.0
485.0
434.0
500.0
246.0
365.0
426.0
219.0
199.0
500.0
500.0
500.0
437.0
388.0
500.0
329.0
500.0
397.0
500.0
500.0
500.0
500.0
376.0
486.0
500.0
359.0
500.0
394.0
233.0
500.0
500.0
371.0
414.0
284.0
486.0
408.0
301.0
260.0
305.0
500.0
500.0
353.0
265.0
381.0
500.0
500.0
500.0
500.0
500.0
500.0
389.0
397.0
482.0
500.0
482.0
250.0
500.0
500.0
500.0
500.0
500.0
329.0
274.0
397.0
500.0
500.0
500.0
397.0
335.0
330.0
500.0
226.0
500.0
352.0
500.0
164.0
500.0
493.0
256.0
500.0
500.0
500.0
500.0
500.0
500.0
297.0
500.0
500.0
457.0
500.0
347.0
220.0
386.0
500.0
364.0
500.0
500.0
500.0
363.0
500.0
437.0
500.0
500.0
500.0
500.0
500.0
500.0
500.0
500.0
133.0
500.0
500.0
500.0
376.0
382.0
354.0
216.0
500.0
500.0
500.0
372.0
379.0
304.0
242.0
280.0
500.0
500.0
338.0
415.0
338.0
417.0
434.0
500.0
270.0
500.0
393.0
365.0
500.0
500.0
500.0
500.0
290.0
500.0
224.0
289.0
500.0
301.0
236.0
472.0
500.0
500.0
500.0
500.0
342.0
228.0
500.0
409.0
500.0
500.0
500.0
500.0
500.0
500.0
500.0
500.0
500.0
378.0
500.0
500.0
392.0
345.0
500.0
500.0
331.0
500.0
500.0
441.0
500.0
500.0
500.0
500.0
500.0
500.0
500.0
500.0
500.0
500.0
500.0
500.0
500.0
500.0
500.0
500.0
500.0
500.0
500.0
500.0
500.0
500.0
292.0
455.0
500.0
323.0
429.0
176.0
481.0
500.0
343.0
500.0
312.0
500.0
500.0
500.0
500.0
500.0
500.0
500.0
419.0
500.0
500.0
500.0
279.0
500.0
500.0
500.0
500.0
500.0
500.0
500.0
500.0
500.0
500.0
500.0
500.0
500.0
500.0
500.0
420.0
500.0
500.0
500.0
500.0
500.0
500.0
500.0
437.0
500.0
500.0
500.0
500.0
360.0
500.0
500.0
500.0
500.0
500.0
500.0
500.0
500.0
237.0
500.0
500.0
500.0
500.0
500.0
500.0
418.0
355.0
500.0
500.0
283.0
500.0
500.0
197.0
500.0
469.0
393.0
455.0
500.0
323.0
302.0
500.0
500.0
313.0
500.0
500.0
500.0
500.0
417.0
500.0
500.0
312.0
500.0
500.0
500.0
500.0
352.0
500.0
467.0
500.0
500.0
500.0
428.0
500.0
500.0
500.0
275.0
500.0
500.0
309.0
500.0
500.0
500.0
500.0
500.0
500.0
500.0
500.0
500.0
500.0
500.0
500.0
500.0
500.0
500.0
500.0
366.0
500.0
500.0
500.0
500.0
500.0
500.0
500.0
500.0
500.0
500.0
500.0
500.0
500.0
500.0
500.0
500.0
500.0
500.0
500.0
500.0
500.0
500.0
500.0
500.0
500.0
500.0
500.0
500.0
500.0
500.0
500.0
500.0
500.0
500.0
500.0
500.0
500.0
500.0
500.0
500.0
500.0
500.0
500.0
500.0
500.0
500.0
500.0
500.0
500.0
500.0
500.0
500.0
500.0
500.0
500.0
500.0
500.0
500.0
500.0
500.0
500.0
500.0
500.0
500.0
500.0
500.0
396.0
284.0
500.0
500.0
500.0
500.0
500.0
500.0
500.0
500.0
500.0
282.0
228.0
500.0
500.0
460.0
500.0
500.0
500.0
500.0
500.0
500.0
500.0
500.0
500.0
500.0
253.0
500.0
500.0
500.0
500.0
500.0
500.0
500.0
500.0
479.0
500.0
500.0
500.0
500.0
500.0
500.0
428.0
500.0
319.0
500.0
500.0
269.0
500.0
500.0
500.0
500.0
500.0
500.0
500.0
500.0
500.0
500.0
500.0
500.0
500.0
500.0
500.0
500.0
500.0
500.0
500.0
500.0
500.0
500.0
500.0
500.0
500.0
500.0
500.0
500.0
500.0
500.0
500.0
500.0
467.0
500.0
500.0
500.0
500.0
500.0
500.0
500.0
500.0
500.0
500.0
500.0
500.0
500.0
500.0
500.0
500.0
500.0
500.0
500.0
500.0
500.0
500.0
500.0
500.0
500.0
500.0
500.0
500.0
500.0
500.0
500.0
500.0
500.0
500.0
500.0
500.0
500.0
500.0
500.0
500.0
500.0
500.0
500.0
500.0
500.0
500.0
500.0
500.0
500.0
500.0
500.0
500.0
500.0
500.0
500.0
500.0
500.0
500.0
500.0
500.0
500.0
500.0
500.0
500.0
500.0
500.0
500.0
500.0
500.0
500.0
500.0
500.0
500.0
500.0
500.0
500.0
500.0
500.0
500.0
500.0
500.0
500.0
500.0
500.0
500.0
500.0
500.0
500.0
500.0
500.0
500.0
500.0
500.0
500.0
500.0
500.0
500.0
500.0
500.0
500.0
500.0
500.0
500.0
500.0
500.0
500.0
500.0
500.0
500.0
500.0
500.0
500.0
500.0
500.0
500.0
500.0
500.0
500.0
500.0
500.0
500.0
500.0
500.0
500.0
500.0
472.0
500.0
500.0
500.0
500.0
500.0
500.0
500.0
500.0
