35.0
20.0
23.0
20.0
44.0
16.0
18.0
25.0
13.0
44.0
14.0
16.0
15.0
26.0
11.0
21.0
78.0
21.0
14.0
52.0
31.0
30.0
25.0
35.0
27.0
22.0
37.0
51.0
16.0
37.0
20.0
42.0
16.0
25.0
23.0
74.0
25.0
25.0
26.0
18.0
56.0
46.0
57.0
28.0
26.0
27.0
29.0
31.0
15.0
32.0
37.0
51.0
42.0
17.0
37.0
48.0
30.0
62.0
94.0
26.0
39.0
81.0
30.0
35.0
57.0
24.0
75.0
27.0
76.0
47.0
18.0
13.0
78.0
50.0
40.0
61.0
47.0
47.0
44.0
35.0
60.0
56.0
65.0
34.0
37.0
61.0
37.0
49.0
43.0
54.0
48.0
73.0
50.0
42.0
47.0
40.0
123.0
22.0
58.0
64.0
42.0
27.0
65.0
77.0
50.0
48.0
26.0
33.0
29.0
66.0
24.0
47.0
23.0
43.0
39.0
65.0
83.0
112.0
22.0
50.0
65.0
49.0
58.0
80.0
37.0
155.0
73.0
30.0
66.0
65.0
64.0
47.0
33.0
106.0
52.0
86.0
98.0
50.0
103.0
43.0
52.0
64.0
103.0
129.0
92.0
48.0
63.0
97.0
112.0
22.0
138.0
149.0
32.0
94.0
324.0
229.0
119.0
66.0
107.0
91.0
96.0
377.0
186.0
125.0
30.0
15.0
130.0
288.0
177.0
169.0
239.0
190.0
117.0
137.0
238.0
119.0
155.0
375.0
156.0
91.0
85.0
273.0
170.0
198.0
88.0
112.0
32.0
48.0
159.0
327.0
182.0
125.0
78.0
233.0
119.0
44.0
211.0
353.0
182.0
99.0
107.0
156.0
152.0
168.0
164.0
305.0
206.0
146.0
17.0
346.0
271.0
222.0
169.0
202.0
173.0
334.0
236.0
218.0
159.0
191.0
316.0
202.0
114.0
52.0
167.0
363.0
226.0
147.0
30.0
171.0
228.0
263.0
142.0
191.0
159.0
231.0
256.0
237.0
120.0
262.0
229.0
374.0
500.0
322.0
295.0
310.0
276.0
225.0
106.0
425.0
215.0
500.0
226.0
169.0
127.0
500.0
468.0
125.0
64.0
98.0
390.0
295.0
500.0
209.0
272.0
143.0
161.0
500.0
207.0
281.0
215.0
301.0
402.0
311.0
185.0
500.0
500.0
301.0
302.0
500.0
500.0
329.0
254.0
224.0
226.0
214.0
217.0
500.0
500.0
292.0
496.0
241.0
307.0
289.0
323.0
500.0
279.0
500.0
134.0
132.0
475.0
334.0
500.0
309.0
260.0
137.0
364.0
197.0
189.0
217.0
166.0
193.0
169.0
203.0
205.0
173.0
435.0
295.0
160.0
232.0
429.0
374.0
401.0
461.0
500.0
158.0
366.0
500.0
393.0
275.0
363.0
214.0
363.0
412.0
161.0
374.0
258.0
163.0
333.0
399.0
270.0
83.0
365.0
344.0
390.0
500.0
357.0
457.0
379.0
500.0
500.0
272.0
444.0
300.0
473.0
500.0
351.0
381.0
421.0
500.0
500.0
500.0
500.0
500.0
263.0
224.0
350.0
500.0
324.0
500.0
500.0
370.0
500.0
331.0
500.0
500.0
375.0
433.0
446.0
488.0
254.0
475.0
500.0
361.0
470.0
500.0
500.0
500.0
332.0
403.0
500.0
500.0
199.0
500.0
434.0
500.0
368.0
298.0
500.0
500.0
500.0
500.0
500.0
500.0
430.0
500.0
500.0
500.0
500.0
500.0
500.0
500.0
452.0
500.0
500.0
500.0
500.0
500.0
500.0
500.0
500.0
500.0
393.0
500.0
500.0
500.0
500.0
201.0
500.0
500.0
500.0
500.0
415.0
247.0
500.0
500.0
500.0
500.0
500.0
272.0
500.0
500.0
500.0
500.0
500.0
500.0
394.0
500.0
500.0
407.0
500.0
500.0
500.0
500.0
488.0
500.0
500.0
500.0
500.0
500.0
500.0
500.0
500.0
500.0
500.0
500.0
500.0
500.0
500.0
500.0
336.0
500.0
500.0
500.0
500.0
500.0
500.0
500.0
500.0
500.0
474.0
500.0
466.0
217.0
434.0
359.0
456.0
341.0
500.0
364.0
373.0
356.0
500.0
500.0
500.0
500.0
500.0
500.0
500.0
500.0
500.0
500.0
497.0
500.0
500.0
500.0
500.0
500.0
500.0
500.0
500.0
500.0
500.0
500.0
451.0
500.0
500.0
500.0
500.0
396.0
500.0
500.0
500.0
449.0
319.0
205.0
500.0
448.0
389.0
361.0
294.0
393.0
350.0
381.0
235.0
310.0
285.0
61.0
291.0
230.0
328.0
316.0
299.0
357.0
284.0
320.0
297.0
494.0
451.0
422.0
407.0
500.0
500.0
381.0
500.0
500.0
500.0
500.0
500.0
500.0
500.0
500.0
500.0
500.0
500.0
493.0
500.0
500.0
500.0
500.0
500.0
500.0
500.0
500.0
500.0
500.0
500.0
500.0
500.0
500.0
500.0
500.0
500.0
500.0
500.0
500.0
500.0
500.0
500.0
500.0
500.0
500.0
500.0
500.0
500.0
227.0
500.0
500.0
500.0
500.0
500.0
500.0
479.0
500.0
500.0
468.0
500.0
500.0
452.0
500.0
500.0
500.0
500.0
500.0
500.0
500.0
500.0
209.0
500.0
500.0
500.0
500.0
500.0
500.0
315.0
500.0
500.0
500.0
500.0
500.0
500.0
500.0
500.0
500.0
500.0
500.0
500.0
500.0
500.0
500.0
500.0
500.0
500.0
317.0
500.0
389.0
500.0
500.0
500.0
284.0
500.0
348.0
500.0
500.0
500.0
500.0
500.0
500.0
500.0
500.0
500.0
395.0
500.0
403.0
500.0
500.0
500.0
500.0
500.0
500.0
500.0
500.0
500.0
500.0
500.0
500.0
500.0
500.0
500.0
407.0
384.0
500.0
500.0
500.0
500.0
500.0
500.0
500.0
500.0
388.0
500.0
500.0
500.0
351.0
500.0
222.0
481.0
500.0
500.0
500.0
500.0
500.0
500.0
500.0
500.0
500.0
500.0
500.0
500.0
500.0
500.0
500.0
500.0
500.0
500.0
500.0
500.0
500.0
500.0
500.0
500.0
416.0
500.0
319.0
500.0
500.0
500.0
500.0
500.0
500.0
500.0
500.0
500.0
500.0
500.0
500.0
500.0
500.0
500.0
380.0
500.0
500.0
500.0
500.0
500.0
500.0
500.0
500.0
500.0
500.0
500.0
500.0
500.0
500.0
500.0
500.0
500.0
500.0
500.0
500.0
500.0
500.0
500.0
500.0
500.0
500.0
500.0
500.0
500.0
500.0
500.0
500.0
372.0
500.0
500.0
500.0
500.0
500.0
500.0
500.0
500.0
339.0
500.0
231.0
423.0
493.0
479.0
500.0
500.0
500.0
500.0
500.0
500.0
500.0
500.0
500.0
500.0
500.0
500.0
500.0
500.0
500.0
500.0
500.0
500.0
500.0
500.0
500.0
500.0
500.0
500.0
500.0
500.0
500.0
315.0
500.0
500.0
500.0
500.0
500.0
431.0
500.0
500.0
500.0
500.0
500.0
500.0
500.0
500.0
500.0
500.0
500.0
500.0
500.0
497.0
500.0
500.0
500.0
500.0
500.0
500.0
500.0
500.0
500.0
500.0
494.0
500.0
500.0
500.0
368.0
260.0
500.0
435.0
352.0
230.0
500.0
323.0
500.0
211.0
500.0
500.0
335.0
500.0
500.0
500.0
500.0
500.0
500.0
500.0
500.0
500.0
384.0
500.0
500.0
500.0
500.0
500.0
500.0
407.0
500.0
343.0
500.0
500.0
455.0
500.0
500.0
500.0
500.0
500.0
500.0
500.0
500.0
500.0
500.0
500.0
500.0
500.0
500.0
500.0
500.0
500.0
500.0
500.0
500.0
500.0
500.0
500.0
500.0
500.0
500.0
500.0
500.0
500.0
500.0
500.0
500.0
500.0
500.0
500.0
330.0
500.0
500.0
500.0
500.0
246.0
500.0
500.0
500.0
500.0
500.0
500.0
500.0
500.0
500.0
500.0
500.0
500.0
500.0
500.0
500.0
500.0
500.0
471.0
500.0
500.0
500.0
500.0
500.0
500.0
500.0
500.0
500.0
500.0
500.0
500.0
500.0
500.0
500.0
500.0
500.0
500.0
500.0
500.0
500.0
500.0
500.0
500.0
500.0
500.0
500.0
500.0
500.0
500.0
500.0
500.0
500.0
500.0
500.0
500.0
500.0
500.0
500.0
500.0
500.0
500.0
500.0
500.0
500.0
500.0
500.0
500.0
500.0
500.0
500.0
500.0
500.0
500.0
500.0
500.0
500.0
