35.0
20.0
23.0
20.0
44.0
14.0
22.0
23.0
13.0
44.0
10.0
22.0
13.0
30.0
18.0
29.0
36.0
20.0
20.0
12.0
14.0
28.0
21.0
29.0
38.0
16.0
21.0
20.0
16.0
12.0
25.0
17.0
28.0
26.0
13.0
86.0
22.0
18.0
60.0
31.0
21.0
21.0
17.0
31.0
17.0
13.0
14.0
27.0
37.0
92.0
12.0
29.0
26.0
36.0
51.0
16.0
27.0
32.0
81.0
25.0
41.0
45.0
21.0
62.0
32.0
31.0
35.0
48.0
39.0
26.0
60.0
39.0
36.0
109.0
59.0
30.0
56.0
20.0
25.0
57.0
31.0
30.0
46.0
109.0
22.0
28.0
51.0
28.0
60.0
78.0
53.0
31.0
32.0
40.0
23.0
23.0
124.0
47.0
38.0
27.0
66.0
34.0
90.0
130.0
36.0
36.0
49.0
84.0
31.0
65.0
45.0
106.0
56.0
71.0
48.0
64.0
45.0
38.0
30.0
42.0
29.0
111.0
39.0
60.0
115.0
30.0
144.0
46.0
47.0
37.0
43.0
58.0
59.0
22.0
36.0
76.0
28.0
74.0
32.0
56.0
28.0
55.0
197.0
36.0
30.0
71.0
41.0
15.0
118.0
28.0
44.0
93.0
100.0
149.0
68.0
102.0
186.0
70.0
57.0
47.0
95.0
67.0
35.0
139.0
60.0
92.0
67.0
52.0
81.0
77.0
130.0
165.0
62.0
76.0
170.0
110.0
120.0
180.0
132.0
19.0
107.0
172.0
165.0
127.0
128.0
37.0
97.0
189.0
173.0
137.0
100.0
303.0
42.0
122.0
34.0
98.0
129.0
118.0
29.0
137.0
158.0
65.0
48.0
214.0
162.0
333.0
229.0
182.0
195.0
112.0
316.0
49.0
187.0
241.0
249.0
134.0
195.0
171.0
163.0
188.0
128.0
217.0
182.0
47.0
86.0
265.0
237.0
126.0
197.0
152.0
249.0
100.0
185.0
164.0
237.0
207.0
431.0
319.0
234.0
219.0
180.0
76.0
129.0
459.0
376.0
23.0
175.0
236.0
500.0
327.0
458.0
257.0
157.0
500.0
167.0
37.0
392.0
180.0
242.0
260.0
464.0
210.0
406.0
223.0
334.0
367.0
304.0
205.0
190.0
149.0
254.0
371.0
241.0
323.0
235.0
163.0
117.0
306.0
410.0
471.0
160.0
263.0
384.0
500.0
500.0
252.0
237.0
108.0
500.0
500.0
218.0
442.0
95.0
500.0
219.0
249.0
349.0
500.0
331.0
420.0
500.0
418.0
500.0
500.0
500.0
246.0
253.0
204.0
500.0
500.0
132.0
151.0
301.0
313.0
186.0
267.0
405.0
242.0
232.0
106.0
385.0
219.0
285.0
364.0
195.0
320.0
500.0
197.0
180.0
303.0
387.0
309.0
488.0
471.0
462.0
500.0
156.0
500.0
500.0
295.0
428.0
328.0
496.0
205.0
500.0
268.0
500.0
500.0
456.0
306.0
292.0
350.0
500.0
125.0
490.0
286.0
305.0
114.0
418.0
375.0
500.0
457.0
500.0
500.0
500.0
427.0
500.0
500.0
500.0
500.0
460.0
351.0
247.0
331.0
272.0
359.0
354.0
500.0
323.0
219.0
444.0
500.0
500.0
500.0
408.0
442.0
150.0
218.0
500.0
217.0
255.0
500.0
225.0
500.0
311.0
479.0
357.0
500.0
295.0
307.0
408.0
318.0
410.0
500.0
500.0
500.0
399.0
261.0
489.0
406.0
500.0
282.0
500.0
411.0
500.0
348.0
289.0
302.0
301.0
214.0
251.0
278.0
389.0
444.0
408.0
500.0
377.0
458.0
480.0
500.0
500.0
451.0
500.0
500.0
500.0
490.0
500.0
500.0
500.0
361.0
474.0
500.0
500.0
500.0
500.0
319.0
500.0
500.0
398.0
500.0
379.0
500.0
440.0
324.0
500.0
445.0
500.0
500.0
456.0
500.0
401.0
471.0
500.0
195.0
500.0
231.0
500.0
500.0
175.0
500.0
460.0
272.0
500.0
477.0
500.0
500.0
415.0
500.0
500.0
256.0
500.0
444.0
200.0
398.0
500.0
397.0
430.0
500.0
500.0
320.0
473.0
347.0
391.0
500.0
387.0
500.0
500.0
226.0
317.0
454.0
432.0
500.0
500.0
253.0
500.0
498.0
500.0
475.0
500.0
288.0
500.0
308.0
435.0
500.0
157.0
500.0
500.0
215.0
500.0
420.0
258.0
500.0
500.0
342.0
500.0
392.0
500.0
500.0
500.0
492.0
500.0
500.0
500.0
500.0
500.0
488.0
500.0
500.0
500.0
500.0
479.0
500.0
500.0
500.0
500.0
477.0
396.0
500.0
500.0
127.0
500.0
500.0
454.0
500.0
500.0
423.0
500.0
228.0
397.0
500.0
500.0
500.0
500.0
500.0
500.0
480.0
500.0
500.0
500.0
500.0
500.0
500.0
500.0
286.0
500.0
220.0
500.0
500.0
500.0
500.0
500.0
500.0
416.0
500.0
500.0
500.0
500.0
500.0
500.0
232.0
500.0
500.0
491.0
500.0
500.0
500.0
500.0
312.0
500.0
500.0
341.0
500.0
500.0
317.0
500.0
500.0
500.0
341.0
500.0
261.0
500.0
500.0
500.0
222.0
500.0
500.0
500.0
500.0
466.0
500.0
500.0
364.0
355.0
500.0
500.0
500.0
500.0
500.0
500.0
500.0
500.0
500.0
350.0
500.0
500.0
500.0
500.0
500.0
500.0
500.0
500.0
500.0
500.0
500.0
304.0
500.0
380.0
500.0
500.0
500.0
500.0
500.0
500.0
500.0
430.0
500.0
500.0
387.0
500.0
500.0
373.0
289.0
500.0
500.0
500.0
500.0
500.0
500.0
500.0
500.0
500.0
500.0
500.0
500.0
279.0
258.0
500.0
500.0
403.0
500.0
500.0
500.0
500.0
500.0
267.0
500.0
500.0
305.0
500.0
500.0
500.0
500.0
500.0
481.0
500.0
500.0
500.0
322.0
500.0
500.0
500.0
496.0
249.0
500.0
500.0
500.0
500.0
500.0
500.0
500.0
500.0
500.0
500.0
500.0
500.0
500.0
500.0
500.0
500.0
500.0
500.0
500.0
500.0
500.0
500.0
432.0
500.0
500.0
500.0
500.0
500.0
500.0
500.0
500.0
440.0
500.0
500.0
500.0
500.0
500.0
500.0
500.0
500.0
500.0
500.0
500.0
343.0
392.0
500.0
500.0
500.0
500.0
500.0
500.0
500.0
500.0
500.0
500.0
500.0
335.0
382.0
500.0
500.0
500.0
500.0
500.0
500.0
500.0
500.0
500.0
500.0
500.0
500.0
500.0
500.0
244.0
500.0
500.0
500.0
500.0
372.0
391.0
500.0
500.0
500.0
360.0
500.0
500.0
500.0
500.0
500.0
500.0
500.0
500.0
500.0
500.0
500.0
500.0
417.0
500.0
500.0
500.0
500.0
330.0
500.0
500.0
500.0
500.0
170.0
346.0
500.0
380.0
500.0
500.0
451.0
500.0
500.0
500.0
500.0
500.0
500.0
467.0
500.0
500.0
500.0
500.0
161.0
500.0
500.0
500.0
500.0
500.0
500.0
500.0
500.0
500.0
500.0
500.0
500.0
500.0
500.0
500.0
500.0
500.0
500.0
500.0
500.0
396.0
500.0
500.0
500.0
500.0
500.0
500.0
500.0
500.0
500.0
500.0
418.0
500.0
500.0
500.0
500.0
500.0
500.0
500.0
500.0
500.0
500.0
500.0
500.0
500.0
500.0
456.0
500.0
431.0
421.0
500.0
500.0
500.0
500.0
500.0
500.0
500.0
500.0
500.0
500.0
500.0
500.0
500.0
306.0
500.0
500.0
500.0
500.0
500.0
500.0
500.0
500.0
471.0
500.0
500.0
500.0
500.0
336.0
500.0
500.0
500.0
500.0
500.0
428.0
500.0
500.0
500.0
446.0
294.0
500.0
426.0
500.0
500.0
500.0
448.0
307.0
500.0
500.0
500.0
500.0
461.0
500.0
500.0
500.0
500.0
500.0
500.0
340.0
500.0
500.0
500.0
500.0
500.0
422.0
467.0
500.0
500.0
500.0
500.0
500.0
294.0
500.0
500.0
500.0
500.0
500.0
500.0
500.0
500.0
500.0
500.0
393.0
500.0
500.0
500.0
500.0
500.0
500.0
500.0
500.0
500.0
500.0
500.0
500.0
303.0
441.0
500.0
500.0
500.0
500.0
500.0
500.0
500.0
500.0
500.0
500.0
500.0
500.0
500.0
500.0
500.0
500.0
500.0
500.0
500.0
500.0
500.0
500.0
500.0
500.0
500.0
500.0
500.0
