35.0
20.0
23.0
20.0
44.0
16.0
18.0
31.0
25.0
16.0
23.0
19.0
13.0
24.0
14.0
31.0
25.0
23.0
23.0
19.0
14.0
40.0
20.0
25.0
34.0
16.0
38.0
26.0
17.0
18.0
50.0
42.0
44.0
24.0
37.0
10.0
24.0
13.0
62.0
21.0
25.0
25.0
26.0
17.0
33.0
21.0
24.0
24.0
47.0
35.0
53.0
22.0
24.0
19.0
28.0
36.0
26.0
35.0
19.0
19.0
43.0
41.0
109.0
30.0
25.0
33.0
54.0
29.0
38.0
66.0
35.0
45.0
35.0
17.0
53.0
20.0
81.0
41.0
36.0
26.0
26.0
59.0
43.0
78.0
48.0
23.0
19.0
52.0
33.0
25.0
51.0
59.0
47.0
38.0
35.0
17.0
30.0
29.0
80.0
50.0
73.0
34.0
24.0
43.0
44.0
44.0
92.0
57.0
59.0
15.0
30.0
78.0
48.0
77.0
71.0
45.0
60.0
58.0
46.0
52.0
112.0
45.0
21.0
45.0
79.0
31.0
55.0
35.0
48.0
26.0
67.0
52.0
29.0
39.0
33.0
34.0
37.0
27.0
56.0
28.0
26.0
114.0
34.0
39.0
24.0
51.0
33.0
34.0
18.0
59.0
76.0
91.0
112.0
26.0
52.0
69.0
26.0
79.0
36.0
30.0
78.0
72.0
43.0
47.0
17.0
14.0
31.0
52.0
181.0
52.0
51.0
67.0
23.0
45.0
91.0
74.0
56.0
166.0
37.0
64.0
98.0
48.0
28.0
52.0
33.0
35.0
56.0
52.0
81.0
72.0
58.0
54.0
58.0
103.0
111.0
55.0
172.0
79.0
114.0
60.0
79.0
29.0
24.0
51.0
59.0
64.0
80.0
90.0
101.0
67.0
35.0
100.0
112.0
49.0
35.0
119.0
18.0
81.0
43.0
78.0
39.0
65.0
29.0
130.0
130.0
201.0
113.0
149.0
137.0
148.0
49.0
102.0
29.0
176.0
40.0
98.0
149.0
85.0
191.0
170.0
126.0
160.0
36.0
68.0
72.0
194.0
171.0
34.0
94.0
148.0
72.0
119.0
104.0
279.0
374.0
146.0
142.0
226.0
174.0
358.0
121.0
149.0
91.0
209.0
320.0
406.0
261.0
121.0
131.0
134.0
123.0
224.0
302.0
181.0
242.0
351.0
197.0
56.0
123.0
112.0
30.0
47.0
90.0
90.0
251.0
104.0
260.0
132.0
475.0
52.0
61.0
280.0
198.0
355.0
500.0
63.0
237.0
280.0
136.0
174.0
84.0
252.0
50.0
167.0
157.0
415.0
267.0
417.0
182.0
468.0
286.0
278.0
426.0
103.0
174.0
500.0
275.0
304.0
187.0
115.0
268.0
163.0
240.0
246.0
448.0
355.0
159.0
166.0
99.0
190.0
269.0
286.0
191.0
250.0
157.0
295.0
411.0
73.0
188.0
295.0
267.0
337.0
98.0
392.0
122.0
308.0
162.0
162.0
193.0
357.0
398.0
144.0
260.0
403.0
220.0
188.0
168.0
160.0
177.0
235.0
285.0
205.0
263.0
178.0
214.0
479.0
189.0
192.0
177.0
344.0
179.0
140.0
402.0
205.0
190.0
248.0
201.0
465.0
359.0
176.0
130.0
127.0
248.0
109.0
211.0
227.0
261.0
342.0
221.0
207.0
166.0
469.0
157.0
154.0
145.0
158.0
183.0
262.0
130.0
158.0
252.0
254.0
116.0
500.0
185.0
179.0
182.0
144.0
325.0
500.0
197.0
152.0
495.0
213.0
223.0
214.0
228.0
380.0
221.0
191.0
311.0
234.0
249.0
206.0
186.0
148.0
257.0
143.0
232.0
43.0
148.0
229.0
353.0
145.0
320.0
176.0
473.0
234.0
375.0
242.0
288.0
415.0
500.0
350.0
263.0
500.0
366.0
135.0
442.0
500.0
465.0
323.0
500.0
172.0
500.0
439.0
367.0
444.0
223.0
316.0
361.0
397.0
500.0
191.0
282.0
345.0
486.0
117.0
305.0
168.0
500.0
341.0
289.0
118.0
500.0
301.0
294.0
500.0
452.0
500.0
329.0
136.0
306.0
315.0
352.0
178.0
500.0
399.0
500.0
268.0
372.0
227.0
427.0
500.0
204.0
355.0
500.0
500.0
500.0
500.0
291.0
286.0
500.0
500.0
208.0
500.0
342.0
500.0
500.0
273.0
272.0
432.0
394.0
248.0
399.0
209.0
387.0
500.0
288.0
500.0
278.0
143.0
315.0
497.0
398.0
500.0
316.0
500.0
151.0
427.0
388.0
359.0
309.0
356.0
166.0
439.0
500.0
224.0
284.0
205.0
290.0
374.0
500.0
500.0
278.0
282.0
142.0
493.0
303.0
283.0
199.0
364.0
182.0
380.0
445.0
500.0
500.0
281.0
258.0
308.0
500.0
180.0
168.0
316.0
195.0
500.0
281.0
257.0
268.0
140.0
218.0
327.0
417.0
280.0
500.0
270.0
324.0
286.0
324.0
224.0
500.0
481.0
500.0
500.0
500.0
500.0
254.0
500.0
500.0
361.0
500.0
421.0
500.0
142.0
148.0
209.0
392.0
408.0
500.0
225.0
291.0
500.0
435.0
500.0
500.0
500.0
500.0
138.0
500.0
382.0
500.0
500.0
500.0
403.0
500.0
305.0
323.0
228.0
500.0
378.0
403.0
457.0
500.0
472.0
419.0
500.0
457.0
500.0
500.0
296.0
204.0
500.0
500.0
320.0
300.0
232.0
287.0
383.0
500.0
233.0
500.0
375.0
500.0
248.0
350.0
500.0
500.0
149.0
500.0
500.0
473.0
500.0
344.0
500.0
500.0
278.0
112.0
310.0
500.0
283.0
260.0
500.0
500.0
491.0
269.0
500.0
500.0
500.0
500.0
500.0
500.0
500.0
272.0
359.0
500.0
434.0
500.0
452.0
439.0
500.0
206.0
232.0
268.0
500.0
186.0
233.0
500.0
394.0
361.0
500.0
309.0
371.0
290.0
500.0
428.0
305.0
317.0
182.0
500.0
383.0
349.0
348.0
319.0
500.0
330.0
375.0
129.0
500.0
316.0
500.0
416.0
500.0
500.0
229.0
342.0
318.0
500.0
500.0
156.0
423.0
315.0
204.0
500.0
500.0
280.0
183.0
494.0
500.0
500.0
500.0
500.0
500.0
500.0
500.0
421.0
500.0
449.0
500.0
351.0
500.0
322.0
477.0
432.0
415.0
108.0
500.0
500.0
500.0
500.0
433.0
463.0
239.0
500.0
500.0
500.0
500.0
381.0
500.0
500.0
393.0
500.0
187.0
500.0
500.0
500.0
240.0
500.0
500.0
299.0
500.0
500.0
500.0
472.0
500.0
500.0
500.0
500.0
500.0
139.0
500.0
227.0
462.0
390.0
439.0
500.0
500.0
500.0
500.0
431.0
223.0
412.0
343.0
500.0
500.0
312.0
500.0
261.0
356.0
337.0
186.0
417.0
500.0
442.0
453.0
500.0
500.0
500.0
500.0
150.0
500.0
500.0
175.0
440.0
500.0
500.0
212.0
296.0
427.0
500.0
500.0
500.0
193.0
500.0
500.0
436.0
500.0
500.0
500.0
353.0
500.0
500.0
457.0
500.0
500.0
367.0
500.0
500.0
500.0
500.0
500.0
500.0
500.0
500.0
500.0
500.0
362.0
500.0
500.0
500.0
500.0
413.0
500.0
500.0
500.0
500.0
500.0
500.0
500.0
500.0
331.0
465.0
500.0
500.0
500.0
345.0
500.0
500.0
500.0
500.0
500.0
500.0
500.0
500.0
500.0
500.0
500.0
500.0
419.0
391.0
338.0
500.0
500.0
500.0
500.0
500.0
500.0
500.0
500.0
156.0
500.0
500.0
457.0
500.0
500.0
382.0
500.0
395.0
372.0
500.0
500.0
425.0
500.0
418.0
356.0
385.0
307.0
345.0
263.0
200.0
323.0
289.0
500.0
397.0
500.0
500.0
198.0
297.0
500.0
500.0
500.0
500.0
500.0
500.0
500.0
500.0
500.0
500.0
500.0
500.0
500.0
500.0
370.0
500.0
500.0
500.0
500.0
500.0
500.0
500.0
500.0
500.0
500.0
348.0
500.0
500.0
500.0
487.0
500.0
171.0
500.0
500.0
500.0
500.0
500.0
500.0
500.0
500.0
500.0
500.0
500.0
500.0
500.0
500.0
500.0
500.0
500.0
500.0
500.0
500.0
500.0
500.0
500.0
500.0
500.0
500.0
500.0
500.0
500.0
500.0
500.0
500.0
500.0
500.0
500.0
500.0
500.0
500.0
500.0
500.0
500.0
500.0
354.0
500.0
500.0
500.0
500.0
500.0
500.0
500.0
500.0
