2.0
7.0
6.0
4.0
4.0
3.0
3.0
3.0
3.0
3.0
3.0
3.0
3.0
3.0
3.0
3.0
3.0
3.0
3.0
3.0
3.0
3.0
3.0
3.0
3.0
3.0
3.0
3.0
3.0
3.0
3.0
3.0
3.0
3.0
3.0
3.0
3.0
3.0
3.0
3.0
3.0
3.0
3.0
3.0
3.0
3.0
3.0
3.0
3.0
3.0
3.0
3.0
3.0
3.0
3.0
3.0
3.0
3.0
3.0
3.0
3.0
3.0
3.0
3.0
3.0
3.0
3.0
3.0
3.0
3.0
3.0
3.0
3.0
3.0
3.0
3.0
3.0
3.0
3.0
3.0
3.0
3.0
3.0
3.0
3.0
3.0
3.0
3.0
3.0
3.0
3.0
3.0
3.0
3.0
3.0
3.0
3.0
3.0
3.0
3.0
3.0
3.0
3.0
3.0
3.0
3.0
3.0
3.0
3.0
3.0
3.0
3.0
3.0
3.0
3.0
3.0
3.0
3.0
3.0
3.0
3.0
3.0
3.0
3.0
3.0
3.0
3.0
3.0
3.0
3.0
3.0
3.0
3.0
3.0
3.0
3.0
3.0
3.0
3.0
3.0
3.0
3.0
3.0
3.0
3.0
3.0
3.0
3.0
3.0
3.0
3.0
3.0
3.0
3.0
3.0
3.0
3.0
3.0
3.0
3.0
3.0
3.0
3.0
4.0
6.0
4.0
3.0
3.0
3.0
3.0
3.0
3.0
3.0
3.0
3.0
3.0
3.0
3.0
3.0
3.0
3.0
3.0
3.0
3.0
3.0
3.0
3.0
3.0
3.0
3.0
3.0
3.0
3.0
3.0
3.0
3.0
3.0
3.0
3.0
3.0
3.0
3.0
3.0
3.0
3.0
3.0
3.0
3.0
3.0
3.0
3.0
3.0
3.0
3.0
3.0
3.0
3.0
3.0
3.0
3.0
3.0
3.0
3.0
3.0
3.0
3.0
3.0
3.0
3.0
3.0
3.0
3.0
3.0
3.0
3.0
3.0
3.0
3.0
3.0
3.0
3.0
3.0
3.0
3.0
3.0
3.0
3.0
3.0
3.0
3.0
3.0
3.0
3.0
3.0
3.0
3.0
3.0
3.0
3.0
3.0
3.0
3.0
3.0
3.0
3.0
3.0
3.0
3.0
3.0
3.0
3.0
3.0
3.0
3.0
3.0
3.0
3.0
3.0
3.0
3.0
3.0
3.0
3.0
3.0
3.0
3.0
3.0
3.0
3.0
3.0
3.0
3.0
4.0
5.0
6.0
12.0
18.0
9.0
12.0
17.0
9.0
13.0
9.0
18.0
8.0
12.0
12.0
18.0
13.0
11.0
12.0
9.0
10.0
8.0
13.0
14.0
18.0
11.0
9.0
11.0
16.0
11.0
12.0
9.0
9.0
15.0
9.0
10.0
11.0
11.0
8.0
10.0
9.0
9.0
8.0
9.0
8.0
8.0
12.0
8.0
8.0
13.0
11.0
8.0
11.0
11.0
11.0
9.0
8.0
11.0
8.0
11.0
11.0
7.0
10.0
11.0
9.0
9.0
11.0
9.0
10.0
8.0
10.0
9.0
10.0
14.0
8.0
10.0
9.0
8.0
12.0
9.0
12.0
9.0
11.0
10.0
10.0
9.0
13.0
11.0
10.0
7.0
10.0
8.0
13.0
11.0
12.0
8.0
7.0
8.0
9.0
11.0
12.0
8.0
11.0
10.0
10.0
11.0
10.0
14.0
8.0
9.0
10.0
10.0
11.0
8.0
8.0
9.0
9.0
11.0
9.0
10.0
9.0
10.0
11.0
10.0
11.0
12.0
14.0
16.0
17.0
15.0
28.0
28.0
45.0
44.0
58.0
31.0
20.0
25.0
42.0
51.0
86.0
82.0
84.0
53.0
70.0
50.0
48.0
50.0
63.0
60.0
49.0
50.0
51.0
51.0
43.0
49.0
40.0
47.0
47.0
49.0
47.0
45.0
45.0
46.0
46.0
43.0
43.0
45.0
43.0
42.0
44.0
44.0
39.0
42.0
37.0
41.0
39.0
38.0
38.0
39.0
38.0
36.0
39.0
37.0
36.0
40.0
37.0
35.0
38.0
36.0
35.0
37.0
35.0
37.0
6.0
36.0
34.0
32.0
33.0
6.0
33.0
9.0
7.0
6.0
39.0
35.0
6.0
32.0
6.0
8.0
34.0
34.0
7.0
35.0
34.0
34.0
6.0
6.0
7.0
35.0
38.0
35.0
37.0
33.0
30.0
39.0
36.0
32.0
41.0
31.0
27.0
36.0
38.0
29.0
35.0
29.0
32.0
32.0
33.0
37.0
33.0
35.0
42.0
25.0
27.0
35.0
39.0
35.0
34.0
41.0
44.0
29.0
41.0
25.0
23.0
27.0
39.0
44.0
50.0
52.0
32.0
57.0
58.0
57.0
74.0
86.0
103.0
98.0
128.0
118.0
130.0
141.0
111.0
120.0
146.0
113.0
127.0
116.0
171.0
120.0
145.0
140.0
109.0
129.0
101.0
105.0
100.0
96.0
82.0
104.0
88.0
96.0
89.0
88.0
85.0
91.0
98.0
86.0
84.0
89.0
88.0
90.0
92.0
94.0
93.0
81.0
89.0
84.0
85.0
90.0
89.0
91.0
87.0
90.0
87.0
85.0
101.0
104.0
118.0
108.0
104.0
147.0
120.0
107.0
116.0
107.0
113.0
108.0
113.0
104.0
131.0
102.0
95.0
109.0
114.0
115.0
111.0
103.0
114.0
114.0
122.0
119.0
126.0
138.0
136.0
118.0
115.0
167.0
129.0
134.0
132.0
115.0
127.0
142.0
122.0
155.0
124.0
142.0
149.0
140.0
242.0
203.0
147.0
127.0
202.0
246.0
126.0
254.0
204.0
250.0
172.0
207.0
175.0
146.0
199.0
212.0
280.0
237.0
194.0
257.0
169.0
243.0
209.0
488.0
434.0
395.0
214.0
201.0
420.0
324.0
244.0
529.0
333.0
1000.0
1000.0
280.0
306.0
407.0
1000.0
408.0
1000.0
308.0
1000.0
539.0
1000.0
383.0
418.0
405.0
1000.0
332.0
433.0
328.0
417.0
459.0
883.0
531.0
680.0
598.0
1000.0
1000.0
1000.0
1000.0
1000.0
1000.0
1000.0
1000.0
1000.0
1000.0
1000.0
1000.0
1000.0
1000.0
1000.0
1000.0
1000.0
1000.0
1000.0
894.0
1000.0
1000.0
1000.0
1000.0
1000.0
1000.0
1000.0
1000.0
1000.0
1000.0
1000.0
1000.0
1000.0
1000.0
1000.0
1000.0
1000.0
1000.0
1000.0
1000.0
1000.0
1000.0
1000.0
1000.0
1000.0
1000.0
1000.0
1000.0
1000.0
1000.0
1000.0
1000.0
1000.0
1000.0
1000.0
1000.0
1000.0
1000.0
1000.0
1000.0
1000.0
1000.0
1000.0
1000.0
1000.0
1000.0
1000.0
1000.0
1000.0
1000.0
1000.0
1000.0
1000.0
1000.0
1000.0
1000.0
992.0
898.0
1000.0
1000.0
635.0
803.0
711.0
1000.0
1000.0
1000.0
1000.0
974.0
620.0
661.0
577.0
494.0
512.0
1000.0
1000.0
1000.0
1000.0
1000.0
709.0
868.0
1000.0
573.0
994.0
712.0
1000.0
1000.0
801.0
1000.0
1000.0
1000.0
848.0
1000.0
1000.0
1000.0
1000.0
1000.0
1000.0
1000.0
612.0
796.0
1000.0
1000.0
1000.0
1000.0
1000.0
1000.0
1000.0
1000.0
1000.0
1000.0
1000.0
1000.0
1000.0
1000.0
1000.0
1000.0
1000.0
1000.0
1000.0
1000.0
1000.0
1000.0
1000.0
1000.0
1000.0
1000.0
1000.0
1000.0
1000.0
1000.0
1000.0
1000.0
1000.0
1000.0
1000.0
1000.0
1000.0
1000.0
1000.0
1000.0
1000.0
1000.0
1000.0
1000.0
1000.0
1000.0
1000.0
1000.0
1000.0
1000.0
1000.0
1000.0
1000.0
1000.0
1000.0
1000.0
1000.0
1000.0
1000.0
1000.0
1000.0
1000.0
1000.0
1000.0
1000.0
1000.0
1000.0
1000.0
1000.0
1000.0
1000.0
1000.0
1000.0
1000.0
1000.0
1000.0
1000.0
1000.0
1000.0
1000.0
1000.0
1000.0
1000.0
1000.0
1000.0
1000.0
1000.0
1000.0
1000.0
1000.0
1000.0
1000.0
1000.0
1000.0
1000.0
1000.0
1000.0
1000.0
1000.0
1000.0
1000.0
1000.0
1000.0
1000.0
1000.0
1000.0
1000.0
1000.0
1000.0
1000.0
1000.0
1000.0
1000.0
1000.0
1000.0
1000.0
1000.0
1000.0
1000.0
1000.0
1000.0
1000.0
1000.0
1000.0
1000.0
1000.0
1000.0
1000.0
1000.0
1000.0
1000.0
1000.0
1000.0
1000.0
1000.0
1000.0
1000.0
1000.0
1000.0
1000.0
1000.0
1000.0
1000.0
1000.0
1000.0
1000.0
1000.0
1000.0
1000.0
1000.0
1000.0
1000.0
1000.0
1000.0
1000.0
1000.0
1000.0
1000.0
1000.0
1000.0
1000.0
1000.0
1000.0
1000.0
1000.0
1000.0
1000.0
1000.0
1000.0
1000.0
