5.0
26.0
26.0
20.0
21.0
13.0
10.0
14.0
10.0
16.0
13.0
14.0
15.0
10.0
11.0
10.0
9.0
9.0
11.0
10.0
9.0
12.0
10.0
10.0
9.0
10.0
10.0
11.0
10.0
10.0
10.0
23.0
12.0
11.0
11.0
15.0
13.0
14.0
17.0
49.0
12.0
140.0
190.0
381.0
393.0
277.0
281.0
253.0
243.0
250.0
284.0
258.0
356.0
340.0
288.0
236.0
233.0
210.0
363.0
215.0
304.0
500.0
145.0
500.0
22.0
17.0
21.0
20.0
21.0
19.0
20.0
20.0
21.0
18.0
17.0
18.0
19.0
18.0
17.0
18.0
18.0
18.0
17.0
17.0
17.0
17.0
19.0
17.0
16.0
15.0
15.0
16.0
16.0
16.0
16.0
16.0
17.0
15.0
15.0
16.0
16.0
15.0
16.0
15.0
15.0
15.0
15.0
15.0
16.0
15.0
15.0
15.0
15.0
15.0
15.0
15.0
15.0
15.0
15.0
15.0
15.0
15.0
15.0
15.0
15.0
16.0
15.0
15.0
16.0
15.0
15.0
15.0
15.0
16.0
16.0
16.0
15.0
16.0
16.0
16.0
17.0
17.0
18.0
16.0
17.0
16.0
17.0
17.0
17.0
17.0
18.0
17.0
17.0
17.0
17.0
17.0
16.0
18.0
20.0
18.0
17.0
20.0
20.0
20.0
22.0
18.0
20.0
22.0
22.0
21.0
310.0
295.0
307.0
255.0
215.0
192.0
216.0
407.0
500.0
500.0
500.0
500.0
500.0
500.0
500.0
500.0
500.0
500.0
500.0
500.0
500.0
500.0
500.0
500.0
500.0
500.0
500.0
500.0
500.0
500.0
401.0
500.0
500.0
500.0
500.0
500.0
500.0
500.0
500.0
500.0
500.0
500.0
500.0
500.0
500.0
500.0
500.0
500.0
500.0
500.0
500.0
500.0
500.0
500.0
500.0
500.0
500.0
500.0
500.0
500.0
500.0
500.0
500.0
500.0
500.0
500.0
500.0
500.0
500.0
500.0
500.0
500.0
500.0
500.0
500.0
500.0
500.0
500.0
500.0
500.0
500.0
500.0
500.0
500.0
500.0
500.0
500.0
500.0
500.0
500.0
500.0
500.0
500.0
500.0
500.0
500.0
500.0
500.0
500.0
500.0
500.0
500.0
500.0
500.0
500.0
500.0
500.0
500.0
478.0
500.0
500.0
500.0
500.0
500.0
500.0
500.0
500.0
500.0
500.0
500.0
500.0
500.0
500.0
500.0
500.0
500.0
500.0
500.0
500.0
500.0
500.0
500.0
500.0
500.0
500.0
500.0
500.0
500.0
500.0
500.0
500.0
500.0
500.0
500.0
239.0
500.0
500.0
485.0
196.0
372.0
187.0
214.0
178.0
500.0
500.0
500.0
500.0
500.0
487.0
235.0
500.0
500.0
500.0
500.0
500.0
500.0
500.0
500.0
500.0
500.0
500.0
459.0
500.0
500.0
500.0
313.0
131.0
110.0
102.0
185.0
500.0
500.0
500.0
500.0
500.0
500.0
500.0
500.0
500.0
500.0
500.0
500.0
464.0
500.0
500.0
226.0
481.0
457.0
500.0
219.0
220.0
233.0
500.0
500.0
500.0
455.0
500.0
500.0
500.0
500.0
500.0
275.0
262.0
500.0
500.0
500.0
500.0
500.0
500.0
500.0
500.0
500.0
500.0
500.0
500.0
500.0
500.0
500.0
500.0
500.0
500.0
500.0
500.0
500.0
500.0
500.0
500.0
500.0
500.0
500.0
500.0
370.0
500.0
500.0
500.0
500.0
500.0
500.0
500.0
500.0
500.0
500.0
500.0
500.0
500.0
448.0
337.0
500.0
500.0
500.0
109.0
500.0
500.0
500.0
500.0
500.0
500.0
500.0
500.0
500.0
500.0
500.0
291.0
500.0
158.0
154.0
500.0
210.0
128.0
141.0
144.0
224.0
298.0
290.0
500.0
322.0
500.0
500.0
500.0
500.0
500.0
500.0
500.0
500.0
500.0
500.0
362.0
500.0
234.0
221.0
298.0
254.0
313.0
439.0
381.0
164.0
255.0
229.0
237.0
213.0
205.0
374.0
309.0
280.0
366.0
222.0
500.0
500.0
500.0
500.0
500.0
500.0
500.0
500.0
500.0
500.0
500.0
500.0
181.0
500.0
500.0
500.0
500.0
500.0
500.0
500.0
500.0
229.0
500.0
500.0
500.0
500.0
500.0
500.0
500.0
500.0
439.0
500.0
404.0
391.0
350.0
500.0
500.0
500.0
500.0
500.0
281.0
266.0
294.0
500.0
500.0
500.0
320.0
500.0
302.0
230.0
500.0
351.0
452.0
500.0
500.0
500.0
500.0
500.0
500.0
500.0
500.0
500.0
500.0
500.0
500.0
500.0
500.0
500.0
500.0
500.0
500.0
500.0
500.0
500.0
500.0
500.0
500.0
500.0
500.0
500.0
500.0
500.0
500.0
500.0
500.0
500.0
500.0
500.0
500.0
500.0
500.0
500.0
500.0
500.0
500.0
500.0
500.0
500.0
500.0
500.0
500.0
500.0
500.0
500.0
500.0
500.0
500.0
500.0
500.0
500.0
500.0
500.0
500.0
500.0
500.0
500.0
500.0
500.0
500.0
500.0
254.0
500.0
500.0
500.0
500.0
500.0
500.0
119.0
500.0
500.0
500.0
500.0
500.0
500.0
500.0
500.0
500.0
500.0
500.0
500.0
500.0
500.0
500.0
500.0
500.0
500.0
500.0
500.0
500.0
500.0
500.0
500.0
500.0
500.0
17.0
500.0
500.0
500.0
500.0
500.0
500.0
500.0
500.0
500.0
500.0
500.0
500.0
500.0
500.0
500.0
500.0
500.0
500.0
500.0
500.0
500.0
500.0
500.0
500.0
500.0
500.0
500.0
500.0
500.0
500.0
500.0
500.0
500.0
500.0
500.0
500.0
500.0
500.0
500.0
500.0
500.0
500.0
500.0
500.0
500.0
500.0
131.0
500.0
500.0
500.0
500.0
500.0
500.0
500.0
500.0
500.0
500.0
500.0
500.0
500.0
500.0
500.0
500.0
500.0
500.0
500.0
500.0
500.0
500.0
500.0
500.0
500.0
500.0
500.0
500.0
500.0
500.0
186.0
500.0
500.0
500.0
500.0
500.0
500.0
500.0
500.0
500.0
500.0
500.0
500.0
500.0
500.0
500.0
500.0
500.0
500.0
500.0
500.0
500.0
500.0
500.0
500.0
500.0
500.0
500.0
500.0
500.0
500.0
500.0
500.0
500.0
500.0
500.0
500.0
500.0
500.0
500.0
500.0
500.0
500.0
500.0
500.0
500.0
500.0
500.0
500.0
500.0
500.0
500.0
500.0
500.0
500.0
500.0
500.0
500.0
500.0
500.0
500.0
500.0
500.0
13.0
13.0
13.0
13.0
16.0
13.0
162.0
13.0
13.0
13.0
13.0
14.0
13.0
14.0
15.0
15.0
15.0
15.0
15.0
15.0
15.0
12.0
15.0
15.0
16.0
15.0
15.0
15.0
19.0
16.0
16.0
19.0
19.0
19.0
19.0
149.0
148.0
500.0
500.0
500.0
500.0
448.0
285.0
142.0
137.0
131.0
132.0
120.0
124.0
126.0
124.0
121.0
122.0
119.0
120.0
119.0
118.0
120.0
117.0
115.0
116.0
115.0
117.0
116.0
117.0
117.0
117.0
117.0
118.0
116.0
118.0
113.0
113.0
117.0
116.0
116.0
115.0
121.0
118.0
120.0
121.0
120.0
121.0
127.0
134.0
138.0
157.0
173.0
500.0
500.0
500.0
500.0
10.0
10.0
10.0
10.0
10.0
10.0
10.0
10.0
10.0
10.0
10.0
10.0
10.0
10.0
10.0
10.0
10.0
10.0
10.0
10.0
10.0
10.0
10.0
10.0
10.0
10.0
10.0
10.0
10.0
10.0
10.0
10.0
10.0
10.0
10.0
10.0
10.0
10.0
10.0
10.0
10.0
10.0
10.0
10.0
10.0
10.0
10.0
10.0
10.0
10.0
10.0
10.0
10.0
10.0
10.0
10.0
10.0
10.0
10.0
11.0
10.0
10.0
10.0
10.0
10.0
10.0
12.0
10.0
10.0
10.0
10.0
10.0
10.0
10.0
10.0
10.0
10.0
10.0
10.0
10.0
10.0
10.0
10.0
10.0
10.0
10.0
10.0
10.0
10.0
10.0
10.0
12.0
10.0
10.0
10.0
10.0
10.0
10.0
10.0
10.0
11.0
11.0
11.0
11.0
11.0
11.0
10.0
11.0
11.0
11.0
11.0
11.0
11.0
11.0
11.0
11.0
11.0
11.0
11.0
11.0
11.0
11.0
11.0
11.0
11.0
12.0
12.0
