14.0
17.0
18.0
19.0
12.0
28.0
21.0
16.0
39.0
22.0
23.0
13.0
35.0
32.0
25.0
21.0
16.0
27.0
13.0
16.0
56.0
16.0
21.0
72.0
15.0
19.0
20.0
21.0
12.0
25.0
38.0
10.0
19.0
29.0
31.0
18.0
29.0
13.0
54.0
16.0
15.0
14.0
14.0
20.0
11.0
34.0
28.0
11.0
32.0
16.0
34.0
9.0
39.0
25.0
21.0
29.0
23.0
28.0
26.0
24.0
20.0
10.0
17.0
22.0
17.0
51.0
12.0
21.0
21.0
14.0
13.0
23.0
17.0
25.0
17.0
19.0
72.0
33.0
12.0
18.0
41.0
21.0
46.0
15.0
35.0
33.0
29.0
28.0
18.0
14.0
12.0
13.0
15.0
12.0
14.0
20.0
31.0
13.0
34.0
11.0
19.0
11.0
43.0
18.0
18.0
15.0
14.0
36.0
10.0
12.0
15.0
42.0
23.0
10.0
24.0
25.0
13.0
22.0
16.0
35.0
15.0
11.0
17.0
36.0
26.0
17.0
15.0
56.0
44.0
23.0
14.0
15.0
14.0
49.0
18.0
22.0
18.0
13.0
22.0
11.0
13.0
28.0
24.0
14.0
28.0
24.0
13.0
11.0
36.0
18.0
21.0
31.0
26.0
56.0
16.0
15.0
12.0
37.0
38.0
20.0
13.0
16.0
32.0
68.0
34.0
17.0
32.0
16.0
15.0
16.0
27.0
23.0
47.0
17.0
32.0
11.0
42.0
43.0
35.0
10.0
57.0
10.0
18.0
28.0
20.0
61.0
15.0
19.0
9.0
12.0
21.0
33.0
44.0
17.0
31.0
12.0
13.0
19.0
24.0
33.0
29.0
20.0
27.0
29.0
30.0
25.0
19.0
12.0
26.0
37.0
24.0
15.0
16.0
23.0
21.0
10.0
20.0
20.0
17.0
22.0
13.0
45.0
21.0
17.0
15.0
19.0
38.0
33.0
11.0
11.0
17.0
12.0
12.0
18.0
13.0
13.0
56.0
32.0
31.0
25.0
10.0
20.0
39.0
11.0
30.0
15.0
10.0
34.0
16.0
49.0
16.0
26.0
13.0
17.0
21.0
11.0
61.0
23.0
16.0
39.0
27.0
15.0
17.0
24.0
21.0
19.0
11.0
42.0
25.0
24.0
13.0
13.0
20.0
15.0
12.0
35.0
11.0
11.0
23.0
12.0
64.0
19.0
21.0
15.0
12.0
14.0
38.0
13.0
20.0
23.0
37.0
13.0
36.0
16.0
20.0
13.0
16.0
34.0
13.0
26.0
49.0
11.0
47.0
22.0
22.0
20.0
35.0
13.0
22.0
26.0
15.0
12.0
34.0
14.0
33.0
19.0
46.0
26.0
27.0
22.0
14.0
16.0
40.0
21.0
16.0
15.0
34.0
34.0
26.0
22.0
18.0
12.0
39.0
40.0
41.0
13.0
25.0
21.0
11.0
21.0
17.0
19.0
14.0
24.0
13.0
41.0
15.0
15.0
10.0
25.0
14.0
17.0
11.0
17.0
26.0
18.0
15.0
30.0
11.0
19.0
15.0
44.0
12.0
12.0
14.0
10.0
15.0
53.0
14.0
17.0
14.0
13.0
33.0
14.0
9.0
22.0
14.0
9.0
26.0
28.0
18.0
14.0
16.0
19.0
12.0
61.0
40.0
16.0
18.0
11.0
51.0
24.0
22.0
22.0
17.0
18.0
15.0
15.0
13.0
9.0
18.0
34.0
27.0
22.0
27.0
12.0
18.0
24.0
38.0
24.0
11.0
11.0
17.0
50.0
36.0
18.0
30.0
19.0
17.0
33.0
10.0
18.0
29.0
17.0
10.0
18.0
11.0
20.0
35.0
52.0
21.0
13.0
24.0
32.0
16.0
40.0
21.0
13.0
26.0
13.0
29.0
14.0
37.0
22.0
11.0
15.0
17.0
31.0
14.0
15.0
11.0
15.0
18.0
18.0
12.0
61.0
11.0
21.0
23.0
35.0
20.0
23.0
29.0
41.0
26.0
22.0
35.0
35.0
91.0
59.0
22.0
32.0
19.0
11.0
45.0
123.0
64.0
87.0
56.0
231.0
34.0
95.0
13.0
58.0
138.0
167.0
53.0
82.0
186.0
163.0
178.0
182.0
135.0
273.0
142.0
135.0
151.0
112.0
170.0
102.0
37.0
227.0
89.0
84.0
150.0
85.0
65.0
144.0
45.0
31.0
50.0
54.0
58.0
43.0
49.0
19.0
84.0
77.0
97.0
52.0
106.0
103.0
50.0
106.0
112.0
111.0
82.0
107.0
86.0
81.0
82.0
80.0
85.0
81.0
15.0
82.0
79.0
85.0
82.0
79.0
82.0
85.0
84.0
80.0
82.0
86.0
88.0
82.0
86.0
85.0
88.0
85.0
92.0
86.0
85.0
85.0
87.0
88.0
88.0
89.0
87.0
92.0
89.0
92.0
92.0
91.0
93.0
92.0
94.0
96.0
96.0
93.0
96.0
96.0
98.0
102.0
90.0
96.0
91.0
100.0
99.0
99.0
99.0
101.0
103.0
98.0
97.0
106.0
114.0
115.0
113.0
94.0
111.0
100.0
115.0
121.0
125.0
126.0
212.0
126.0
147.0
172.0
500.0
266.0
159.0
168.0
500.0
242.0
381.0
500.0
500.0
236.0
160.0
150.0
141.0
129.0
121.0
122.0
115.0
117.0
119.0
116.0
108.0
100.0
121.0
102.0
119.0
128.0
139.0
145.0
157.0
203.0
210.0
213.0
234.0
500.0
500.0
500.0
500.0
500.0
500.0
500.0
500.0
341.0
354.0
326.0
320.0
298.0
310.0
329.0
299.0
316.0
307.0
311.0
338.0
349.0
295.0
314.0
296.0
294.0
266.0
283.0
351.0
500.0
500.0
500.0
500.0
500.0
500.0
500.0
500.0
500.0
500.0
500.0
500.0
500.0
500.0
500.0
500.0
500.0
500.0
500.0
500.0
500.0
500.0
500.0
500.0
500.0
500.0
500.0
500.0
500.0
500.0
500.0
500.0
500.0
500.0
500.0
500.0
500.0
500.0
500.0
500.0
500.0
291.0
264.0
268.0
258.0
225.0
226.0
226.0
220.0
214.0
211.0
216.0
183.0
208.0
190.0
190.0
198.0
224.0
224.0
235.0
274.0
400.0
500.0
500.0
500.0
500.0
500.0
500.0
500.0
500.0
441.0
438.0
500.0
500.0
500.0
363.0
98.0
500.0
500.0
500.0
500.0
500.0
322.0
320.0
289.0
284.0
284.0
302.0
321.0
446.0
500.0
500.0
500.0
500.0
500.0
500.0
500.0
500.0
500.0
500.0
500.0
500.0
500.0
500.0
500.0
301.0
305.0
316.0
339.0
500.0
500.0
500.0
500.0
500.0
500.0
500.0
500.0
500.0
500.0
500.0
500.0
500.0
500.0
500.0
500.0
500.0
500.0
500.0
500.0
500.0
500.0
500.0
421.0
379.0
210.0
215.0
199.0
203.0
186.0
187.0
191.0
187.0
191.0
265.0
226.0
183.0
159.0
164.0
165.0
167.0
214.0
500.0
500.0
500.0
500.0
500.0
500.0
500.0
500.0
500.0
500.0
500.0
500.0
500.0
500.0
500.0
500.0
500.0
500.0
500.0
