5.0
24.0
17.0
13.0
17.0
18.0
19.0
14.0
12.0
12.0
30.0
11.0
16.0
32.0
11.0
12.0
10.0
13.0
12.0
11.0
14.0
10.0
12.0
12.0
10.0
10.0
10.0
10.0
13.0
10.0
10.0
12.0
13.0
15.0
228.0
152.0
252.0
314.0
438.0
242.0
214.0
198.0
211.0
216.0
252.0
236.0
277.0
295.0
254.0
335.0
428.0
247.0
288.0
371.0
216.0
236.0
159.0
239.0
64.0
75.0
84.0
178.0
35.0
34.0
29.0
25.0
24.0
24.0
22.0
24.0
19.0
19.0
21.0
21.0
20.0
21.0
19.0
18.0
20.0
20.0
20.0
18.0
19.0
18.0
19.0
18.0
18.0
18.0
18.0
19.0
18.0
18.0
18.0
18.0
16.0
16.0
16.0
131.0
18.0
16.0
16.0
18.0
18.0
18.0
18.0
17.0
16.0
16.0
16.0
15.0
16.0
16.0
16.0
16.0
16.0
16.0
18.0
16.0
16.0
16.0
15.0
15.0
16.0
16.0
16.0
16.0
16.0
16.0
15.0
15.0
16.0
16.0
16.0
16.0
15.0
15.0
15.0
16.0
16.0
15.0
15.0
16.0
14.0
16.0
15.0
16.0
16.0
16.0
16.0
16.0
16.0
16.0
16.0
16.0
16.0
16.0
16.0
18.0
16.0
16.0
16.0
16.0
16.0
16.0
16.0
16.0
16.0
16.0
16.0
16.0
16.0
16.0
18.0
16.0
17.0
18.0
16.0
18.0
19.0
18.0
18.0
18.0
22.0
18.0
18.0
20.0
19.0
18.0
20.0
130.0
180.0
400.0
500.0
500.0
330.0
500.0
500.0
500.0
500.0
500.0
500.0
500.0
453.0
385.0
429.0
500.0
445.0
500.0
491.0
500.0
500.0
500.0
500.0
500.0
500.0
500.0
500.0
500.0
