21.0
13.0
26.0
17.0
12.0
33.0
18.0
23.0
13.0
11.0
20.0
14.0
24.0
77.0
18.0
37.0
30.0
19.0
12.0
25.0
20.0
13.0
18.0
19.0
17.0
17.0
13.0
15.0
19.0
12.0
11.0
19.0
29.0
47.0
17.0
50.0
11.0
13.0
22.0
15.0
15.0
11.0
15.0
30.0
13.0
28.0
34.0
68.0
37.0
19.0
15.0
16.0
25.0
9.0
13.0
16.0
16.0
28.0
15.0
21.0
26.0
15.0
34.0
15.0
20.0
29.0
20.0
22.0
10.0
12.0
16.0
21.0
32.0
32.0
28.0
29.0
31.0
13.0
11.0
13.0
21.0
23.0
28.0
59.0
53.0
57.0
23.0
20.0
12.0
19.0
33.0
16.0
31.0
57.0
39.0
19.0
25.0
32.0
23.0
29.0
34.0
11.0
16.0
27.0
15.0
49.0
19.0
25.0
10.0
17.0
37.0
19.0
21.0
19.0
28.0
42.0
21.0
12.0
92.0
26.0
24.0
31.0
12.0
21.0
21.0
14.0
51.0
18.0
38.0
15.0
16.0
19.0
58.0
20.0
20.0
15.0
100.0
15.0
19.0
16.0
47.0
39.0
15.0
42.0
71.0
15.0
43.0
41.0
30.0
32.0
17.0
50.0
23.0
14.0
45.0
51.0
27.0
41.0
40.0
32.0
29.0
33.0
14.0
52.0
16.0
14.0
13.0
23.0
94.0
36.0
20.0
44.0
36.0
53.0
11.0
20.0
30.0
42.0
25.0
25.0
66.0
38.0
87.0
21.0
19.0
107.0
49.0
89.0
76.0
68.0
29.0
68.0
49.0
41.0
39.0
20.0
84.0
65.0
14.0
43.0
30.0
71.0
71.0
12.0
46.0
114.0
33.0
75.0
27.0
13.0
58.0
17.0
60.0
84.0
60.0
80.0
97.0
28.0
17.0
72.0
26.0
28.0
104.0
88.0
60.0
18.0
51.0
53.0
95.0
51.0
23.0
91.0
24.0
19.0
74.0
85.0
16.0
23.0
23.0
29.0
100.0
36.0
80.0
33.0
35.0
32.0
52.0
36.0
95.0
18.0
92.0
45.0
39.0
14.0
117.0
23.0
54.0
97.0
84.0
114.0
87.0
62.0
71.0
68.0
96.0
90.0
69.0
54.0
111.0
97.0
130.0
18.0
40.0
73.0
95.0
100.0
150.0
118.0
134.0
26.0
173.0
150.0
113.0
24.0
109.0
21.0
99.0
98.0
150.0
38.0
81.0
131.0
116.0
113.0
70.0
128.0
20.0
18.0
112.0
35.0
101.0
155.0
21.0
31.0
105.0
105.0
170.0
102.0
34.0
201.0
119.0
123.0
119.0
43.0
130.0
117.0
155.0
144.0
113.0
111.0
124.0
14.0
12.0
123.0
17.0
16.0
16.0
118.0
128.0
17.0
124.0
121.0
130.0
38.0
125.0
16.0
128.0
119.0
122.0
134.0
128.0
92.0
127.0
133.0
143.0
125.0
121.0
140.0
128.0
11.0
126.0
113.0
92.0
114.0
132.0
109.0
141.0
151.0
134.0
15.0
14.0
119.0
144.0
70.0
147.0
130.0
158.0
124.0
131.0
147.0
124.0
126.0
174.0
19.0
109.0
32.0
132.0
143.0
149.0
142.0
138.0
151.0
89.0
115.0
164.0
145.0
204.0
128.0
129.0
159.0
164.0
137.0
106.0
142.0
132.0
134.0
161.0
145.0
161.0
125.0
125.0
137.0
131.0
207.0
170.0
145.0
156.0
139.0
135.0
132.0
151.0
189.0
123.0
168.0
138.0
191.0
126.0
140.0
146.0
144.0
19.0
141.0
120.0
168.0
139.0
119.0
128.0
307.0
154.0
150.0
133.0
147.0
292.0
121.0
131.0
206.0
120.0
134.0
125.0
113.0
52.0
119.0
132.0
112.0
144.0
118.0
122.0
109.0
155.0
117.0
129.0
157.0
120.0
130.0
195.0
121.0
110.0
129.0
126.0
143.0
111.0
131.0
194.0
125.0
156.0
137.0
111.0
140.0
128.0
130.0
127.0
124.0
159.0
127.0
126.0
135.0
171.0
133.0
115.0
113.0
14.0
109.0
132.0
152.0
138.0
149.0
134.0
110.0
121.0
118.0
114.0
122.0
126.0
127.0
114.0
113.0
133.0
117.0
115.0
110.0
138.0
101.0
122.0
220.0
236.0
159.0
118.0
122.0
205.0
111.0
226.0
113.0
130.0
141.0
128.0
109.0
121.0
260.0
135.0
209.0
122.0
152.0
110.0
153.0
130.0
132.0
141.0
115.0
112.0
181.0
125.0
108.0
120.0
199.0
117.0
160.0
135.0
175.0
230.0
292.0
117.0
105.0
114.0
147.0
108.0
167.0
129.0
117.0
107.0
114.0
125.0
120.0
227.0
110.0
106.0
184.0
145.0
113.0
149.0
121.0
178.0
126.0
118.0
188.0
120.0
117.0
181.0
191.0
234.0
111.0
106.0
121.0
13.0
181.0
154.0
122.0
109.0
109.0
194.0
110.0
116.0
158.0
113.0
288.0
206.0
232.0
113.0
122.0
161.0
204.0
139.0
185.0
205.0
109.0
118.0
144.0
125.0
168.0
172.0
118.0
121.0
120.0
143.0
119.0
118.0
223.0
108.0
125.0
116.0
226.0
143.0
148.0
233.0
143.0
139.0
178.0
131.0
172.0
173.0
211.0
225.0
179.0
141.0
137.0
250.0
193.0
136.0
330.0
187.0
202.0
207.0
150.0
183.0
188.0
131.0
110.0
198.0
195.0
154.0
179.0
193.0
136.0
220.0
202.0
201.0
177.0
169.0
215.0
231.0
165.0
234.0
228.0
233.0
189.0
171.0
189.0
235.0
191.0
204.0
196.0
205.0
214.0
198.0
170.0
11.0
209.0
184.0
187.0
221.0
185.0
188.0
12.0
162.0
248.0
243.0
227.0
202.0
246.0
214.0
166.0
194.0
195.0
176.0
321.0
163.0
177.0
261.0
219.0
162.0
183.0
159.0
200.0
184.0
195.0
211.0
196.0
186.0
199.0
176.0
194.0
171.0
171.0
166.0
210.0
283.0
211.0
232.0
168.0
197.0
179.0
224.0
177.0
195.0
210.0
178.0
275.0
332.0
324.0
221.0
202.0
219.0
177.0
230.0
199.0
240.0
197.0
228.0
203.0
235.0
201.0
180.0
272.0
214.0
205.0
205.0
222.0
195.0
207.0
204.0
215.0
203.0
194.0
215.0
205.0
213.0
222.0
208.0
208.0
228.0
213.0
214.0
219.0
211.0
263.0
210.0
230.0
218.0
221.0
228.0
217.0
247.0
204.0
250.0
251.0
262.0
232.0
204.0
219.0
252.0
255.0
255.0
294.0
283.0
243.0
241.0
223.0
338.0
249.0
295.0
427.0
370.0
500.0
56.0
274.0
500.0
467.0
500.0
500.0
446.0
500.0
500.0
500.0
500.0
500.0
500.0
500.0
500.0
500.0
388.0
293.0
500.0
351.0
500.0
500.0
500.0
500.0
500.0
479.0
482.0
495.0
384.0
332.0
500.0
355.0
383.0
373.0
388.0
401.0
413.0
401.0
405.0
399.0
400.0
434.0
495.0
427.0
386.0
428.0
447.0
468.0
461.0
456.0
410.0
500.0
432.0
500.0
481.0
500.0
500.0
500.0
430.0
399.0
500.0
500.0
500.0
448.0
401.0
500.0
500.0
500.0
500.0
500.0
289.0
402.0
471.0
301.0
271.0
11.0
405.0
291.0
500.0
11.0
348.0
320.0
264.0
323.0
303.0
314.0
308.0
412.0
281.0
11.0
261.0
312.0
270.0
316.0
392.0
500.0
500.0
320.0
500.0
500.0
500.0
500.0
500.0
500.0
500.0
500.0
500.0
500.0
500.0
500.0
10.0
500.0
500.0
500.0
500.0
500.0
500.0
500.0
500.0
500.0
500.0
500.0
500.0
500.0
500.0
500.0
500.0
500.0
500.0
500.0
500.0
500.0
500.0
500.0
500.0
500.0
500.0
500.0
500.0
500.0
500.0
500.0
500.0
500.0
500.0
500.0
500.0
500.0
500.0
500.0
500.0
500.0
500.0
500.0
500.0
