14.0
18.0
16.0
28.0
25.0
30.0
17.0
26.0
22.0
17.0
16.0
11.0
19.0
11.0
51.0
15.0
29.0
17.0
25.0
30.0
21.0
11.0
21.0
22.0
21.0
25.0
23.0
23.0
39.0
20.0
31.0
18.0
39.0
26.0
38.0
19.0
23.0
18.0
36.0
20.0
13.0
56.0
13.0
22.0
78.0
24.0
30.0
40.0
62.0
18.0
17.0
32.0
14.0
66.0
38.0
27.0
19.0
51.0
33.0
26.0
15.0
28.0
18.0
32.0
153.0
44.0
47.0
35.0
38.0
87.0
19.0
13.0
70.0
51.0
21.0
13.0
12.0
18.0
26.0
64.0
48.0
16.0
148.0
76.0
20.0
40.0
155.0
71.0
50.0
28.0
79.0
49.0
45.0
38.0
74.0
18.0
28.0
12.0
128.0
24.0
63.0
37.0
53.0
37.0
63.0
68.0
51.0
73.0
30.0
82.0
19.0
39.0
18.0
87.0
47.0
78.0
12.0
27.0
70.0
10.0
34.0
55.0
24.0
45.0
92.0
45.0
19.0
53.0
13.0
30.0
68.0
55.0
28.0
12.0
23.0
56.0
14.0
16.0
20.0
13.0
14.0
40.0
12.0
18.0
65.0
74.0
33.0
18.0
13.0
20.0
25.0
17.0
16.0
22.0
13.0
19.0
18.0
50.0
24.0
13.0
88.0
19.0
16.0
13.0
14.0
19.0
52.0
25.0
23.0
44.0
19.0
56.0
82.0
16.0
86.0
85.0
24.0
78.0
17.0
75.0
11.0
19.0
88.0
78.0
92.0
81.0
57.0
86.0
85.0
91.0
19.0
12.0
92.0
97.0
16.0
10.0
79.0
14.0
16.0
15.0
87.0
38.0
15.0
11.0
13.0
14.0
91.0
16.0
85.0
96.0
88.0
18.0
32.0
26.0
85.0
16.0
59.0
49.0
13.0
23.0
94.0
24.0
90.0
21.0
38.0
16.0
12.0
93.0
87.0
89.0
23.0
92.0
61.0
93.0
91.0
91.0
16.0
88.0
21.0
82.0
86.0
94.0
88.0
18.0
17.0
32.0
20.0
89.0
95.0
92.0
15.0
87.0
89.0
16.0
104.0
14.0
16.0
89.0
13.0
95.0
13.0
17.0
91.0
22.0
19.0
13.0
17.0
98.0
90.0
90.0
97.0
113.0
101.0
94.0
93.0
101.0
102.0
94.0
92.0
18.0
12.0
16.0
26.0
25.0
37.0
18.0
97.0
83.0
98.0
99.0
96.0
18.0
99.0
99.0
98.0
93.0
100.0
103.0
98.0
102.0
40.0
102.0
103.0
12.0
101.0
100.0
110.0
100.0
17.0
100.0
106.0
100.0
103.0
101.0
108.0
112.0
103.0
113.0
102.0
92.0
109.0
104.0
111.0
124.0
110.0
103.0
107.0
118.0
111.0
13.0
178.0
205.0
160.0
139.0
38.0
25.0
15.0
158.0
71.0
380.0
116.0
224.0
218.0
500.0
500.0
500.0
500.0
500.0
43.0
47.0
500.0
500.0
68.0
302.0
500.0
281.0
500.0
150.0
51.0
54.0
500.0
101.0
500.0
500.0
196.0
299.0
500.0
379.0
312.0
500.0
454.0
279.0
223.0
201.0
135.0
189.0
258.0
154.0
126.0
18.0
127.0
114.0
18.0
14.0
181.0
117.0
123.0
21.0
108.0
26.0
12.0
100.0
19.0
121.0
118.0
17.0
107.0
113.0
12.0
123.0
21.0
123.0
119.0
130.0
136.0
21.0
121.0
128.0
132.0
134.0
172.0
151.0
500.0
182.0
436.0
181.0
107.0
111.0
80.0
20.0
156.0
65.0
16.0
16.0
89.0
16.0
12.0
15.0
16.0
90.0
65.0
15.0
92.0
92.0
77.0
91.0
98.0
96.0
99.0
68.0
19.0
100.0
95.0
100.0
103.0
75.0
103.0
103.0
102.0
108.0
97.0
107.0
111.0
95.0
113.0
110.0
110.0
111.0
80.0
115.0
118.0
117.0
123.0
67.0
124.0
135.0
162.0
179.0
147.0
241.0
500.0
239.0
218.0
209.0
222.0
189.0
188.0
178.0
183.0
172.0
169.0
158.0
170.0
160.0
163.0
160.0
163.0
166.0
163.0
167.0
163.0
144.0
160.0
165.0
170.0
174.0
182.0
173.0
170.0
172.0
180.0
127.0
48.0
198.0
175.0
42.0
193.0
329.0
137.0
260.0
261.0
255.0
500.0
500.0
500.0
500.0
500.0
500.0
500.0
500.0
500.0
500.0
500.0
500.0
500.0
500.0
500.0
163.0
500.0
500.0
500.0
500.0
500.0
500.0
500.0
500.0
500.0
500.0
500.0
500.0
500.0
500.0
500.0
500.0
500.0
500.0
500.0
500.0
500.0
500.0
500.0
500.0
292.0
342.0
339.0
283.0
352.0
309.0
407.0
349.0
436.0
500.0
165.0
90.0
17.0
14.0
89.0
92.0
95.0
92.0
92.0
91.0
90.0
88.0
19.0
89.0
92.0
88.0
85.0
11.0
96.0
87.0
14.0
90.0
91.0
87.0
85.0
92.0
90.0
88.0
99.0
92.0
98.0
94.0
96.0
101.0
99.0
99.0
110.0
91.0
90.0
91.0
93.0
93.0
90.0
11.0
15.0
14.0
14.0
78.0
14.0
86.0
86.0
87.0
89.0
89.0
14.0
90.0
87.0
89.0
89.0
91.0
88.0
96.0
97.0
91.0
79.0
17.0
90.0
94.0
93.0
94.0
97.0
88.0
97.0
98.0
97.0
99.0
98.0
100.0
99.0
97.0
101.0
104.0
102.0
106.0
103.0
108.0
97.0
105.0
108.0
112.0
114.0
113.0
115.0
114.0
113.0
109.0
113.0
104.0
110.0
109.0
97.0
107.0
94.0
107.0
98.0
100.0
89.0
94.0
99.0
102.0
92.0
94.0
94.0
92.0
103.0
102.0
98.0
106.0
102.0
96.0
100.0
104.0
111.0
107.0
106.0
108.0
112.0
107.0
114.0
111.0
117.0
121.0
107.0
121.0
109.0
107.0
100.0
99.0
100.0
98.0
100.0
83.0
99.0
87.0
97.0
99.0
94.0
93.0
93.0
93.0
92.0
91.0
91.0
92.0
90.0
93.0
90.0
92.0
85.0
90.0
11.0
91.0
93.0
94.0
93.0
92.0
93.0
94.0
93.0
15.0
95.0
92.0
93.0
96.0
95.0
95.0
93.0
95.0
91.0
97.0
98.0
97.0
99.0
99.0
11.0
101.0
102.0
104.0
105.0
104.0
106.0
111.0
107.0
113.0
109.0
115.0
112.0
114.0
116.0
119.0
116.0
126.0
123.0
117.0
138.0
121.0
116.0
118.0
168.0
127.0
124.0
176.0
156.0
123.0
119.0
169.0
95.0
100.0
113.0
104.0
97.0
95.0
95.0
94.0
96.0
19.0
94.0
19.0
95.0
97.0
95.0
95.0
97.0
96.0
99.0
102.0
101.0
101.0
103.0
103.0
102.0
115.0
106.0
108.0
119.0
112.0
122.0
500.0
500.0
500.0
500.0
500.0
500.0
500.0
500.0
500.0
500.0
500.0
500.0
500.0
500.0
500.0
500.0
422.0
500.0
500.0
500.0
447.0
