47.51
47.782
48.128000000000014
48.598
49.15400000000002
49.69000000000002
50.234000000000016
50.51200000000001
51.013999999999996
51.51999999999999
51.91999999999999
52.442
52.90399999999999
53.41
53.944
54.398
54.882000000000005
55.47599999999999
55.934
56.342
56.972
57.65599999999999
58.20799999999999
58.443999999999996
58.75
59.13400000000001
59.516000000000005
59.89
60.254000000000005
60.806
61.456
62.034
62.506
62.986000000000004
63.318000000000005
63.751999999999995
64.164
64.638
65.08200000000001
65.45
65.768
66.40400000000001
67.19400000000002
67.498
67.67200000000001
68.1
68.46
68.97200000000001
69.458
69.932
69.73200000000001
70.08200000000001
70.196
70.18199999999999
70.01399999999998
70.17599999999999
70.39599999999999
70.30399999999999
70.344
70.27999999999999
70.376
70.462
70.444
70.48400000000001
70.82
70.83000000000001
70.72399999999999
71.12799999999999
71.402
71.602
71.78200000000001
71.986
72.09400000000001
71.986
72.15800000000002
72.212
72.27999999999999
72.30999999999999
72.204
72.064
72.136
72.094
71.854
71.71800000000002
71.75200000000001
71.82
72.22399999999999
72.40599999999999
72.45599999999999
72.24600000000001
72.448
72.406
72.37799999999999
72.288
72.378
72.552
72.568
72.44
72.688
72.65399999999998
72.606
72.77199999999999
72.822
72.89200000000001
72.89200000000001
72.858
72.858
73.03
72.96799999999999
73.00399999999999
73.26799999999999
73.21799999999999
73.33999999999999
73.238
73.44800000000001
73.47000000000001
73.474
73.45
73.50200000000001
73.584
73.536
73.34400000000001
73.26
73.61800000000001
73.71000000000001
73.67800000000001
73.758
73.87400000000001
73.852
74.036
74.1
73.908
73.832
73.71999999999998
73.78
73.638
73.334
72.97200000000001
72.804
72.666
72.396
72.28999999999999
71.932
71.682
71.54599999999999
71.432
71.192
70.962
70.484
70.22800000000001
70.066
69.91799999999999
69.752
69.66199999999999
69.696
69.56
69.31199999999998
69.07
68.914
68.762
68.518
68.38799999999999
68.282
68.276
68.112
68.032
68.06200000000001
67.924
67.836
67.822
67.764
67.97999999999999
68.64
68.778
68.866
69.034
69.696
70.412
71.366
72.72800000000001
73.56200000000001
74.45
75.512
76.758
77.21000000000001
77.32400000000001
77.11400000000002
76.974
76.832
76.66999999999999
76.556
76.882
76.918
77.134
77.52799999999999
77.43799999999999
78.282
78.45
78.78200000000001
79.41
79.524
79.92599999999999
80.86999999999999
81.27399999999999
81.77
82.214
82.7
82.98
83.516
84.05
84.208
85.12000000000002
85.616
86.27799999999999
86.462
87.056
88.116
88.844
89.54399999999998
89.818
90.16400000000002
90.92400000000002
91.51400000000001
92.42800000000001
93.156
93.37199999999999
94.194
94.13399999999997
94.8
95.916
95.95199999999998
96.68999999999998
97.34599999999999
98.214
99.78399999999999
101.12800000000001
101.77
102.794
103.33599999999998
103.57199999999997
104.194
104.05199999999999
104.57999999999998
105.376
105.916
105.91400000000002
106.06800000000003
106.85200000000003
107.33000000000001
108.22200000000001
108.69
109.49799999999999
109.948
110.728
111.598
112.43199999999999
113.16
113.97
115.03400000000002
115.87200000000003
116.68800000000002
117.22399999999999
117.30799999999999
117.87799999999997
118.40999999999998
119.11399999999999
119.94
120.666
121.296
122.00800000000001
122.59400000000001
122.98200000000001
123.15800000000002
123.62600000000002
124.11200000000001
124.81600000000002
124.76800000000001
124.742
124.52799999999999
123.70999999999998
123.594
123.038
122.39599999999999
122.13999999999999
122.154
122.56000000000002
122.92800000000001
123.31200000000001
123.522
124.11399999999999
124.448
124.73200000000001
125.166
125.50399999999999
125.67399999999999
126.17
126.08800000000001
126.616
126.38000000000002
125.83400000000002
126.62
126.70400000000001
126.52400000000002
126.778
126.836
127.25
127.26199999999999
127.704
127.602
127.234
127.04000000000002
126.304
125.77999999999999
125.25999999999998
124.91799999999998
124.52
123.59200000000001
123.058
122.74400000000001
122.88400000000001
122.94400000000002
122.91000000000003
122.71800000000002
122.07199999999999
121.53199999999997
121.33599999999998
120.72399999999998
121.13999999999999
121.148
120.46600000000002
120.43000000000004
120.47400000000003
120.59400000000001
120.49600000000001
119.58
119.11400000000002
119.066
118.98800000000003
119.918
120.72200000000002
121.24200000000002
121.58800000000001
121.6
121.806
121.79799999999999
122.33999999999997
123.17199999999998
123.19199999999996
123.654
123.73199999999999
124.84200000000001
125.47399999999999
126.04799999999999
126.67599999999999
127.24
128.18
129.308
130.388
131.322
132.47400000000002
133.65400000000002
134.76
135.536
135.786
135.702
136.20600000000002
136.39
137.35199999999998
138.44799999999998
139.138
140.32399999999998
141.678
142.48
143.39399999999998
144.46999999999997
145.39199999999997
146.52999999999997
147.71399999999997
148.834
150.164
151.35
152.99800000000002
154.84
156.532
158.17
159.838
161.508
163.252
165.01600000000002
166.424
168.12599999999998
169.52599999999998
171.232
171.84
173.398
174.77199999999996
175.958
177.296
178.73999999999995
180.67199999999997
181.794
183.22600000000003
184.616
186.14
187.666
189.36399999999995
191.13
192.878
195.31
197.996
200.78000000000003
203.12400000000002
205.48600000000002
206.96200000000005
208.29
209.52000000000004
210.774
212.87800000000004
214.806
216.73000000000005
218.47600000000003
219.90200000000004
221.37800000000004
223.29
225.218
227.45
229.584
231.496
233.132
234.916
236.92600000000002
238.574
240.19
241.93
243.63400000000001
245.24399999999994
247.28599999999994
248.51199999999997
249.65799999999996
251.34399999999997
252.91999999999996
254.88
256.76000000000005
258.394
260.626
263.172
265.14000000000004
267.18800000000005
269.594
272.152
274.172
276.22999999999996
277.86799999999994
278.9359999999999
280.032
280.75199999999995
281.5
282.186
282.81
283.402
283.99199999999996
284.866
285.89599999999996
287.444
289.428
290.70799999999997
292.236
293.01
293.72799999999995
294.702
295.19399999999996
295.47799999999995
296.17199999999997
296.876
297.44599999999997
297.966
297.578
297.096
296.722
296.294
295.87
295.37
294.658
293.544
292.81199999999995
292.018
291.42199999999997
290.75199999999995
290.17999999999995
289.522
288.828
288.20799999999997
287.37399999999997
287.53999999999996
286.78999999999996
286.08799999999997
285.46
284.83400000000006
284.44200000000006
283.8280000000001
283.196
282.574
281.824
280.966
280.07200000000006
278.93600000000004
278.01400000000007
276.85400000000004
274.6460000000001
273.12200000000007
271.59400000000005
269.59000000000003
268.5640000000001
268.3900000000001
268.30600000000004
268.25600000000003
268.208
267.2180000000001
266.22800000000007
265.24
264.41
262.654
261.09
259.12399999999997
257.346
255.36199999999997
253.388
251.398
249.41799999999995
247.326
245.37600000000003
243.368
241.42000000000004
239.39600000000002
237.424
235.452
233.43200000000002
231.80800000000002
229.74399999999997
227.53399999999993
225.41199999999992
223.40799999999996
221.28599999999994
219.20999999999995
217.06199999999998
214.47799999999995
212.106
209.782
207.03400000000002
204.10800000000003
201.19000000000003
197.528
194.584
191.67199999999997
188.762
185.842
182.95999999999995
181.02799999999996
179.08599999999996
177.15999999999997
175.22799999999995
173.28799999999995
171.986
170.05399999999997
169.07
167.332
166.01800000000003
164.762
163.712
162.72799999999998
161.744
160.76
159.778
158.796
157.81400000000002
156.764
156.374
156.038
155.694
155.17600000000002
154.56199999999998
153.774
153.004
152.172
151.296
150.372
149.42600000000002
148.482
147.564
146.64799999999997
145.712
144.744
143.792
142.86800000000002
141.904
140.98
140.014
139.046
138.09599999999998
137.18599999999998
136.24
135.278
134.338
133.42600000000002
131.824
130.074
128.24
126.4
125.244
123.35799999999999
121.472
120.5
118.69
116.83200000000001
115.00800000000001
113.19200000000001
111.36000000000001
109.558
107.74400000000001
105.888
104.15
103.25399999999999
102.47599999999998
101.64200000000001
100.88
100.09000000000002
99.29600000000002
98.56200000000001
97.82000000000002
97.132
96.512
95.88000000000002
95.28800000000003
94.89200000000001
94.50399999999999
94.56200000000001
94.28800000000001
93.73200000000001
93.324
92.87399999999998
92.45599999999999
92.21999999999998
91.76599999999999
91.22999999999998
90.73199999999999
90.15599999999999
89.56199999999998
89.06199999999998
88.584
88.18199999999999
87.69999999999999
87.87399999999998
88.31200000000001
88.766
89.206
89.65599999999999
90.074
89.51799999999997
88.994
88.39
87.74
87.16400000000002
86.582
86.006
84.54400000000001
83.9
83.01399999999998
82.816
82.516
82.14
82.194
82.102
82.102
83.04
84.056
85.14000000000001
86.484
87.738
89.088
90.61399999999998
92.22399999999998
94.02999999999999
95.79399999999998
97.642
99.46800000000002
101.02600000000001
102.8
104.73599999999999
106.55
108.322
110.212
111.778
113.272
114.958
116.79399999999998
118.34799999999997
120.27399999999997
122.12200000000001
123.96
125.89399999999999
127.51799999999999
128.97199999999998
130.268
131.50799999999998
133.54
135.614
137.872
140.08000000000004
142.28200000000004
144.59000000000003
146.38400000000001
148.726
151.04999999999998
153.45599999999996
155.83799999999997
158.288
159.91000000000003
162.386
164.738
167.01
169.262
171.37
173.452
175.55000000000004
177.524
179.69800000000004
182.06600000000003
184.616
186.65200000000002
188.718
190.77200000000002
192.71200000000002
194.734
196.738
198.63400000000001
200.60600000000002
202.22
204.28400000000002
206.03400000000002
207.94
209.732
211.576
213.528
215.46400000000003
217.64800000000002
219.334
221.52200000000005
223.59800000000004
225.394
227.026
228.71
230.44799999999998
232.14600000000002
233.85
235.64600000000002
237.60200000000003
239.41400000000002
241.62600000000003
244.10399999999998
246.296
248.946
251.36399999999998
253.72199999999998
256.082
258.416
260.366
262.144
263.424
263.858
263.85
263.89
263.738
264.018
263.21
262.32199999999995
261.448
260.60200000000003
259.972
259.77
259.74
259.566
258.88800000000003
258.546
257.92
257.25199999999995
256.798
255.892
254.944
253.87599999999998
252.93599999999998
251.604
250.55600000000007
249.53400000000002
248.33199999999997
246.98999999999995
245.95199999999994
244.63799999999992
243.55999999999997
242.50799999999998
241.50400000000002
240.042
239.276
239.134
238.716
238.64600000000007
238.53600000000003
238.00599999999997
237.68999999999997
237.27999999999992
237.64399999999998
237.88199999999998
237.55599999999998
237.416
236.73799999999994
236.408
235.92
236.47200000000004
236.26
236.108
235.97000000000003
236.08000000000004
235.96200000000005
236.43200000000004
236.334
236.338
236.03400000000002
236.108
235.49
236.02599999999998
236.0
235.40199999999996
235.28599999999997
235.206
235.01
234.74000000000004
233.722
233.15800000000002
232.76800000000003
232.56800000000004
232.312
232.158
232.05
231.93800000000002
231.85
231.41400000000002
231.59600000000003
231.146
230.68599999999998
230.642
230.614
230.59
230.60600000000002
230.87600000000003
230.78400000000002
230.90000000000003
230.724
230.72799999999995
230.25599999999997
230.24599999999998
229.92199999999997
229.25199999999998
228.34199999999998
227.518
226.592
225.94600000000003
225.58400000000006
225.23000000000005
224.616
224.866
225.91400000000002
226.306
227.09800000000004
227.364
228.216
229.07
229.55
230.018
230.47
230.562
230.174
230.02599999999998
230.112
229.884
230.02599999999998
230.15599999999998
230.31199999999998
230.74599999999998
230.618
231.24800000000002
231.764
232.32
233.202
233.74399999999997
234.456
235.092
235.18599999999998
235.06400000000002
234.85
234.99399999999997
235.21599999999995
236.25199999999998
