35.0
20.0
22.0
13.0
28.0
12.0
26.0
22.0
29.0
24.0
12.0
23.0
33.0
22.0
16.0
34.0
36.0
30.0
24.0
21.0
27.0
26.0
27.0
29.0
40.0
80.0
41.0
38.0
20.0
35.0
46.0
15.0
12.0
25.0
37.0
18.0
45.0
29.0
76.0
31.0
19.0
59.0
14.0
34.0
30.0
89.0
15.0
85.0
47.0
68.0
37.0
85.0
33.0
49.0
33.0
59.0
34.0
50.0
64.0
48.0
52.0
93.0
57.0
85.0
29.0
32.0
43.0
50.0
40.0
61.0
32.0
149.0
37.0
22.0
22.0
62.0
84.0
30.0
50.0
34.0
39.0
30.0
37.0
16.0
27.0
39.0
77.0
47.0
28.0
29.0
30.0
71.0
19.0
17.0
52.0
27.0
21.0
47.0
43.0
51.0
38.0
83.0
34.0
129.0
103.0
81.0
84.0
24.0
20.0
43.0
50.0
28.0
22.0
68.0
34.0
46.0
73.0
98.0
80.0
43.0
44.0
43.0
39.0
48.0
69.0
30.0
24.0
67.0
41.0
38.0
33.0
114.0
20.0
23.0
25.0
105.0
31.0
160.0
38.0
53.0
29.0
51.0
96.0
21.0
153.0
18.0
49.0
107.0
111.0
211.0
130.0
53.0
29.0
190.0
19.0
145.0
29.0
54.0
47.0
53.0
90.0
54.0
50.0
143.0
82.0
126.0
50.0
103.0
42.0
126.0
40.0
106.0
71.0
144.0
32.0
40.0
21.0
85.0
20.0
16.0
90.0
55.0
60.0
73.0
108.0
43.0
91.0
77.0
60.0
23.0
16.0
83.0
82.0
49.0
115.0
29.0
44.0
167.0
65.0
104.0
99.0
90.0
86.0
41.0
23.0
129.0
21.0
198.0
79.0
125.0
128.0
65.0
108.0
26.0
49.0
80.0
96.0
31.0
66.0
114.0
110.0
115.0
54.0
63.0
51.0
59.0
102.0
98.0
161.0
162.0
93.0
77.0
143.0
85.0
40.0
191.0
177.0
145.0
107.0
314.0
104.0
65.0
152.0
158.0
78.0
247.0
134.0
81.0
150.0
160.0
236.0
115.0
144.0
104.0
235.0
400.0
164.0
117.0
48.0
44.0
105.0
218.0
107.0
188.0
112.0
229.0
309.0
354.0
129.0
105.0
114.0
227.0
219.0
84.0
31.0
187.0
211.0
132.0
247.0
192.0
121.0
204.0
112.0
100.0
185.0
212.0
250.0
181.0
272.0
243.0
314.0
155.0
180.0
111.0
39.0
117.0
447.0
297.0
341.0
435.0
182.0
500.0
310.0
214.0
155.0
174.0
243.0
399.0
260.0
234.0
259.0
207.0
161.0
190.0
186.0
130.0
169.0
149.0
185.0
145.0
109.0
136.0
160.0
187.0
159.0
43.0
187.0
204.0
129.0
154.0
163.0
229.0
179.0
128.0
159.0
158.0
203.0
210.0
174.0
192.0
219.0
116.0
131.0
128.0
285.0
126.0
155.0
267.0
130.0
129.0
118.0
500.0
129.0
167.0
193.0
151.0
205.0
166.0
182.0
135.0
212.0
130.0
275.0
277.0
253.0
148.0
288.0
143.0
299.0
155.0
170.0
225.0
190.0
177.0
181.0
500.0
154.0
344.0
233.0
41.0
356.0
215.0
201.0
208.0
428.0
404.0
147.0
184.0
266.0
211.0
154.0
349.0
232.0
155.0
188.0
258.0
189.0
146.0
274.0
416.0
479.0
205.0
52.0
184.0
176.0
297.0
334.0
278.0
336.0
289.0
160.0
238.0
262.0
285.0
251.0
295.0
500.0
221.0
500.0
344.0
500.0
207.0
500.0
248.0
237.0
420.0
278.0
143.0
500.0
368.0
237.0
500.0
252.0
142.0
375.0
500.0
500.0
500.0
500.0
500.0
500.0
500.0
500.0
342.0
500.0
500.0
500.0
500.0
248.0
354.0
343.0
500.0
343.0
500.0
322.0
177.0
500.0
345.0
487.0
500.0
500.0
500.0
138.0
337.0
377.0
177.0
190.0
496.0
274.0
233.0
361.0
353.0
500.0
344.0
227.0
500.0
500.0
471.0
278.0
500.0
217.0
268.0
165.0
442.0
500.0
315.0
301.0
227.0
368.0
319.0
240.0
297.0
500.0
235.0
283.0
231.0
333.0
297.0
426.0
235.0
202.0
188.0
500.0
403.0
254.0
276.0
308.0
272.0
231.0
234.0
283.0
500.0
500.0
500.0
500.0
500.0
397.0
261.0
500.0
274.0
500.0
500.0
368.0
190.0
314.0
251.0
261.0
500.0
364.0
283.0
397.0
301.0
289.0
360.0
175.0
213.0
182.0
273.0
185.0
316.0
224.0
250.0
277.0
53.0
211.0
500.0
225.0
253.0
79.0
262.0
358.0
500.0
432.0
500.0
500.0
369.0
359.0
348.0
388.0
434.0
268.0
259.0
188.0
361.0
393.0
149.0
383.0
423.0
500.0
500.0
120.0
186.0
437.0
500.0
271.0
468.0
396.0
500.0
378.0
126.0
500.0
213.0
500.0
500.0
500.0
500.0
500.0
500.0
500.0
500.0
500.0
185.0
500.0
465.0
407.0
500.0
500.0
472.0
136.0
500.0
273.0
390.0
468.0
424.0
434.0
500.0
500.0
303.0
314.0
500.0
193.0
226.0
500.0
500.0
347.0
276.0
500.0
500.0
500.0
500.0
433.0
500.0
323.0
500.0
178.0
500.0
500.0
262.0
293.0
318.0
448.0
500.0
263.0
365.0
500.0
500.0
500.0
500.0
500.0
500.0
481.0
500.0
500.0
500.0
500.0
500.0
470.0
500.0
440.0
500.0
389.0
500.0
500.0
453.0
500.0
500.0
500.0
500.0
500.0
185.0
456.0
500.0
500.0
500.0
500.0
437.0
449.0
122.0
500.0
500.0
500.0
500.0
500.0
500.0
500.0
500.0
359.0
389.0
500.0
494.0
500.0
259.0
500.0
500.0
317.0
302.0
500.0
500.0
500.0
500.0
458.0
500.0
500.0
396.0
419.0
312.0
500.0
500.0
299.0
500.0
181.0
500.0
450.0
500.0
500.0
172.0
500.0
500.0
371.0
500.0
500.0
500.0
500.0
398.0
500.0
500.0
500.0
500.0
441.0
500.0
284.0
500.0
335.0
500.0
354.0
500.0
158.0
500.0
240.0
500.0
283.0
500.0
206.0
415.0
142.0
163.0
261.0
500.0
381.0
500.0
198.0
218.0
479.0
500.0
500.0
336.0
500.0
500.0
346.0
151.0
381.0
421.0
500.0
302.0
415.0
500.0
500.0
500.0
500.0
500.0
321.0
500.0
317.0
500.0
500.0
500.0
500.0
224.0
500.0
500.0
500.0
500.0
500.0
500.0
352.0
500.0
500.0
474.0
500.0
231.0
495.0
500.0
306.0
500.0
396.0
253.0
370.0
325.0
235.0
235.0
382.0
221.0
188.0
305.0
233.0
238.0
500.0
500.0
344.0
500.0
500.0
500.0
500.0
500.0
500.0
500.0
500.0
272.0
500.0
500.0
500.0
500.0
500.0
500.0
500.0
500.0
289.0
500.0
371.0
500.0
500.0
500.0
500.0
500.0
500.0
500.0
500.0
500.0
500.0
500.0
500.0
500.0
378.0
500.0
500.0
500.0
500.0
500.0
500.0
500.0
500.0
500.0
500.0
500.0
500.0
500.0
500.0
500.0
488.0
500.0
238.0
500.0
259.0
500.0
385.0
388.0
500.0
500.0
461.0
282.0
402.0
487.0
500.0
500.0
500.0
500.0
500.0
500.0
500.0
500.0
500.0
500.0
394.0
322.0
500.0
500.0
500.0
500.0
500.0
500.0
500.0
500.0
500.0
500.0
500.0
500.0
500.0
500.0
500.0
500.0
500.0
500.0
500.0
500.0
500.0
500.0
500.0
500.0
500.0
500.0
141.0
500.0
500.0
500.0
500.0
500.0
500.0
500.0
500.0
500.0
500.0
500.0
500.0
500.0
500.0
500.0
500.0
500.0
500.0
500.0
500.0
500.0
500.0
500.0
500.0
500.0
500.0
500.0
500.0
310.0
500.0
500.0
500.0
500.0
500.0
500.0
500.0
500.0
500.0
500.0
295.0
409.0
500.0
500.0
235.0
500.0
500.0
500.0
500.0
500.0
500.0
177.0
500.0
500.0
500.0
500.0
500.0
500.0
500.0
500.0
500.0
500.0
500.0
500.0
500.0
427.0
500.0
500.0
500.0
500.0
229.0
500.0
500.0
500.0
500.0
500.0
500.0
500.0
500.0
500.0
500.0
500.0
500.0
500.0
500.0
500.0
500.0
500.0
500.0
500.0
466.0
500.0
500.0
209.0
500.0
500.0
500.0
500.0
500.0
500.0
