43.0
16.0
23.0
28.0
43.0
14.0
103.0
16.0
11.0
13.0
13.0
19.0
33.0
27.0
14.0
17.0
9.0
19.0
13.0
28.0
21.0
16.0
20.0
18.0
45.0
15.0
24.0
11.0
13.0
20.0
16.0
12.0
25.0
16.0
18.0
33.0
12.0
10.0
74.0
46.0
24.0
22.0
24.0
13.0
13.0
12.0
10.0
16.0
11.0
15.0
11.0
13.0
11.0
28.0
14.0
17.0
50.0
16.0
41.0
20.0
43.0
25.0
9.0
13.0
28.0
11.0
16.0
37.0
17.0
17.0
14.0
22.0
18.0
30.0
31.0
24.0
23.0
12.0
10.0
30.0
18.0
15.0
15.0
19.0
13.0
19.0
20.0
9.0
17.0
14.0
13.0
16.0
14.0
22.0
26.0
29.0
15.0
16.0
19.0
19.0
11.0
13.0
32.0
14.0
14.0
31.0
18.0
23.0
15.0
16.0
19.0
20.0
11.0
20.0
14.0
24.0
30.0
8.0
11.0
16.0
27.0
20.0
15.0
28.0
9.0
12.0
19.0
14.0
25.0
45.0
39.0
13.0
22.0
30.0
13.0
28.0
10.0
18.0
26.0
14.0
32.0
23.0
22.0
10.0
24.0
16.0
17.0
27.0
14.0
18.0
23.0
33.0
15.0
16.0
11.0
37.0
18.0
13.0
39.0
28.0
54.0
13.0
34.0
11.0
39.0
28.0
23.0
47.0
43.0
21.0
45.0
11.0
53.0
18.0
21.0
30.0
19.0
14.0
33.0
34.0
41.0
36.0
77.0
20.0
36.0
25.0
27.0
64.0
30.0
20.0
41.0
79.0
18.0
24.0
36.0
30.0
18.0
20.0
61.0
30.0
67.0
14.0
31.0
29.0
17.0
27.0
81.0
58.0
33.0
39.0
24.0
36.0
37.0
65.0
24.0
58.0
46.0
52.0
29.0
21.0
15.0
35.0
44.0
30.0
20.0
70.0
27.0
32.0
36.0
25.0
46.0
50.0
42.0
24.0
46.0
37.0
26.0
45.0
65.0
28.0
46.0
47.0
70.0
16.0
52.0
26.0
63.0
46.0
34.0
48.0
29.0
69.0
26.0
33.0
79.0
41.0
52.0
54.0
53.0
26.0
28.0
20.0
17.0
28.0
22.0
49.0
29.0
30.0
39.0
39.0
51.0
48.0
40.0
34.0
20.0
21.0
17.0
36.0
54.0
37.0
42.0
39.0
56.0
34.0
50.0
115.0
65.0
35.0
42.0
34.0
81.0
42.0
20.0
39.0
67.0
67.0
75.0
116.0
24.0
24.0
28.0
44.0
46.0
36.0
27.0
40.0
52.0
46.0
28.0
19.0
74.0
42.0
81.0
53.0
66.0
109.0
142.0
66.0
71.0
31.0
55.0
49.0
18.0
44.0
134.0
98.0
47.0
14.0
40.0
54.0
37.0
46.0
72.0
56.0
61.0
145.0
23.0
32.0
34.0
42.0
53.0
29.0
48.0
23.0
59.0
30.0
31.0
52.0
43.0
35.0
95.0
82.0
163.0
17.0
62.0
192.0
20.0
57.0
27.0
101.0
94.0
137.0
86.0
57.0
91.0
27.0
34.0
158.0
88.0
291.0
87.0
20.0
145.0
80.0
44.0
194.0
69.0
95.0
46.0
156.0
175.0
119.0
190.0
174.0
149.0
107.0
75.0
238.0
38.0
67.0
67.0
293.0
250.0
116.0
148.0
176.0
252.0
326.0
97.0
181.0
113.0
256.0
206.0
198.0
241.0
236.0
285.0
182.0
134.0
147.0
124.0
140.0
164.0
133.0
140.0
112.0
151.0
133.0
174.0
63.0
126.0
196.0
184.0
156.0
57.0
230.0
168.0
121.0
137.0
149.0
71.0
122.0
159.0
122.0
92.0
122.0
226.0
125.0
216.0
108.0
242.0
160.0
324.0
193.0
199.0
176.0
383.0
294.0
259.0
266.0
326.0
485.0
269.0
345.0
242.0
126.0
221.0
308.0
187.0
299.0
263.0
275.0
500.0
212.0
500.0
271.0
163.0
363.0
286.0
296.0
500.0
299.0
323.0
249.0
276.0
430.0
220.0
214.0
184.0
304.0
282.0
413.0
155.0
119.0
198.0
435.0
209.0
171.0
267.0
153.0
500.0
255.0
126.0
163.0
499.0
343.0
225.0
199.0
403.0
356.0
498.0
143.0
83.0
138.0
234.0
373.0
217.0
283.0
166.0
340.0
124.0
286.0
165.0
321.0
205.0
264.0
258.0
176.0
312.0
134.0
275.0
466.0
156.0
303.0
357.0
290.0
217.0
274.0
171.0
381.0
145.0
208.0
161.0
339.0
245.0
183.0
23.0
135.0
239.0
266.0
417.0
269.0
347.0
229.0
295.0
106.0
130.0
333.0
150.0
403.0
200.0
153.0
149.0
204.0
229.0
325.0
111.0
183.0
135.0
82.0
185.0
160.0
230.0
165.0
95.0
140.0
161.0
114.0
288.0
104.0
108.0
396.0
257.0
389.0
214.0
157.0
288.0
130.0
167.0
128.0
183.0
355.0
286.0
145.0
192.0
156.0
194.0
122.0
211.0
165.0
214.0
148.0
276.0
346.0
197.0
200.0
184.0
204.0
457.0
157.0
305.0
170.0
237.0
142.0
106.0
130.0
166.0
288.0
265.0
253.0
159.0
403.0
190.0
246.0
194.0
256.0
185.0
500.0
179.0
178.0
323.0
261.0
268.0
309.0
424.0
231.0
475.0
164.0
209.0
249.0
154.0
338.0
219.0
232.0
301.0
177.0
334.0
210.0
203.0
272.0
192.0
225.0
256.0
155.0
281.0
258.0
256.0
336.0
234.0
151.0
200.0
253.0
301.0
260.0
263.0
500.0
176.0
163.0
220.0
216.0
217.0
203.0
248.0
165.0
352.0
455.0
242.0
269.0
133.0
265.0
179.0
390.0
301.0
164.0
220.0
238.0
172.0
263.0
153.0
257.0
282.0
231.0
232.0
212.0
250.0
181.0
280.0
394.0
357.0
440.0
347.0
369.0
500.0
449.0
372.0
500.0
243.0
490.0
367.0
206.0
328.0
474.0
183.0
429.0
336.0
270.0
344.0
500.0
115.0
447.0
302.0
331.0
255.0
382.0
262.0
162.0
230.0
247.0
260.0
281.0
256.0
150.0
155.0
231.0
258.0
205.0
154.0
141.0
158.0
156.0
141.0
134.0
159.0
111.0
140.0
170.0
144.0
169.0
122.0
105.0
187.0
73.0
135.0
132.0
185.0
233.0
123.0
59.0
135.0
103.0
123.0
240.0
461.0
375.0
205.0
500.0
340.0
500.0
331.0
464.0
500.0
202.0
323.0
462.0
500.0
500.0
500.0
314.0
275.0
500.0
203.0
500.0
500.0
500.0
500.0
500.0
500.0
459.0
312.0
500.0
234.0
429.0
346.0
500.0
417.0
462.0
500.0
219.0
500.0
206.0
341.0
192.0
330.0
385.0
500.0
231.0
258.0
241.0
310.0
241.0
500.0
197.0
331.0
288.0
203.0
403.0
151.0
225.0
174.0
155.0
188.0
198.0
152.0
163.0
164.0
160.0
147.0
148.0
149.0
115.0
139.0
145.0
108.0
193.0
140.0
196.0
257.0
106.0
151.0
198.0
176.0
240.0
239.0
223.0
161.0
222.0
147.0
191.0
462.0
486.0
244.0
292.0
194.0
257.0
500.0
313.0
142.0
208.0
236.0
208.0
303.0
378.0
320.0
176.0
312.0
387.0
228.0
302.0
255.0
274.0
214.0
241.0
253.0
199.0
338.0
415.0
269.0
226.0
231.0
209.0
277.0
175.0
171.0
236.0
274.0
210.0
241.0
175.0
221.0
237.0
190.0
128.0
199.0
205.0
205.0
245.0
230.0
211.0
262.0
234.0
188.0
236.0
228.0
346.0
248.0
240.0
163.0
460.0
148.0
266.0
152.0
171.0
303.0
152.0
293.0
124.0
158.0
175.0
140.0
180.0
212.0
207.0
142.0
195.0
137.0
165.0
215.0
158.0
177.0
162.0
129.0
142.0
126.0
125.0
160.0
150.0
131.0
115.0
121.0
152.0
171.0
124.0
126.0
145.0
168.0
160.0
147.0
158.0
151.0
154.0
163.0
197.0
144.0
213.0
139.0
187.0
181.0
201.0
215.0
184.0
187.0
228.0
180.0
210.0
172.0
151.0
391.0
188.0
207.0
170.0
170.0
159.0
192.0
323.0
254.0
388.0
223.0
500.0
156.0
185.0
235.0
177.0
274.0
388.0
246.0
470.0
184.0
411.0
329.0
188.0
268.0
232.0
241.0
386.0
347.0
222.0
199.0
312.0
412.0
239.0
323.0
321.0
323.0
205.0
174.0
304.0
215.0
153.0
238.0
151.0
