32.434
32.583999999999996
32.724000000000004
33.224000000000004
33.482
33.782000000000004
34.238
34.584
34.902
35.324
35.554
35.762
36.04599999999999
36.26599999999999
36.496
36.876000000000005
36.966
37.18
37.482
37.628
38.04
38.372
38.709999999999994
39.019999999999996
39.412
39.808
40.254
40.730000000000004
41.268
41.77600000000001
42.264
42.592000000000006
42.98
43.272000000000006
44.278
44.61
45.172
45.504
45.897999999999996
46.16199999999999
46.75599999999999
46.709999999999994
46.73999999999999
46.92400000000001
47.562
48.224
48.65599999999999
49.10799999999999
49.69799999999999
50.29199999999999
51.147999999999996
51.54199999999999
52.07599999999999
52.684
53.303999999999995
53.51599999999999
53.69999999999999
54.242
54.728
55.41999999999999
56.118
57.104
57.748000000000005
58.022000000000006
58.588
58.854
59.626
60.39199999999999
61.288000000000004
62.262
62.533999999999985
63.147999999999996
63.853999999999985
64.288
64.994
65.884
67.12600000000002
67.596
68.278
68.98
69.53
70.084
70.938
71.836
72.982
73.92199999999998
74.13
74.776
75.51599999999999
77.076
77.91000000000001
78.86000000000001
79.592
80.15
80.60600000000001
82.086
83.35
83.916
84.49
86.044
86.712
87.93399999999998
88.84
90.16599999999998
91.01
92.104
92.542
93.17800000000001
94.15199999999999
95.13399999999997
95.79199999999997
96.92799999999997
97.95599999999999
98.80199999999999
99.89
100.59600000000002
101.242
102.704
103.54199999999999
105.09199999999998
105.74199999999999
107.43
108.43199999999999
110.25599999999999
110.832
111.55199999999999
113.226
113.95800000000001
114.95000000000002
116.10000000000002
117.15
118.08800000000001
119.984
120.676
121.116
122.40599999999999
123.34599999999999
125.04799999999996
126.02399999999997
126.92599999999999
128.516
130.18599999999998
130.694
132.84199999999998
134.10199999999998
135.26399999999998
137.11999999999998
138.24999999999997
139.13
140.12800000000001
141.672
143.12600000000003
143.684
144.67600000000002
145.576
146.96
148.918
150.142
151.542
152.656
153.884
155.00599999999997
156.06799999999998
158.292
159.04799999999997
160.522
161.364
163.298
163.986
165.468
167.868
169.19
172.06599999999997
173.546
174.14999999999998
175.40399999999997
175.92399999999998
178.66800000000003
181.482
182.96
183.83600000000007
185.77200000000005
187.87600000000006
189.49
190.674
191.40400000000002
193.18400000000003
194.97800000000004
195.68400000000003
196.72
198.14800000000002
199.12400000000005
199.86800000000002
201.90800000000007
204.35000000000002
204.20600000000002
205.19400000000002
206.39600000000002
207.58800000000002
208.02000000000004
208.892
209.03
210.112
209.96399999999994
211.44599999999994
212.076
213.34199999999998
214.50799999999995
215.194
215.80399999999997
216.96599999999998
217.312
218.46400000000003
219.61000000000004
220.59600000000003
220.96599999999998
223.67799999999997
225.128
226.21599999999998
227.192
229.22799999999998
230.342
232.34000000000003
232.524
234.56
236.362
237.27400000000006
239.528
240.22400000000002
241.09600000000003
242.636
242.89
243.796
245.81599999999997
246.84000000000003
247.452
248.68400000000003
249.90400000000002
251.72600000000003
252.81600000000003
253.99000000000004
255.952
258.09
259.274
259.84400000000005
260.67800000000005
262.02400000000006
262.848
264.5040000000001
266.682
266.772
267.272
269.002
271.214
272.56
274.518
275.496
276.38399999999996
278.68600000000004
280.09
280.95599999999996
281.606
283.422
283.762
285.57
287.542
288.068
288.18399999999997
289.94399999999996
290.19
290.702
291.354
291.272
292.74999999999994
294.46599999999995
295.448
296.8059999999999
296.32399999999996
296.392
296.99399999999997
297.9359999999999
297.964
297.774
298.728
299.99600000000004
301.16
302.222
302.96
304.61599999999993
304.856
305.714
307.54599999999994
308.81399999999996
308.72799999999995
308.5079999999999
310.64799999999997
312.03599999999994
313.38
315.138
315.948
317.37399999999997
319.298
319.456
320.816
321.884
322.98199999999997
322.9959999999999
324.70599999999996
326.8639999999999
327.584
328.67599999999993
330.598
331.9459999999999
332.44800000000004
333.13199999999995
335.638
334.99
335.81199999999995
337.8039999999999
338.01199999999994
338.186
339.17600000000004
340.01800000000003
341.63599999999997
341.686
341.918
342.92999999999995
343.4759999999999
344.92799999999994
345.80199999999996
346.47799999999995
348.93999999999994
348.94399999999996
349.66399999999993
350.69399999999996
351.06199999999995
351.638
351.20399999999995
350.59399999999994
352.276
352.2559999999999
352.88999999999993
354.31
354.874
355.968
357.11999999999995
356.49199999999996
357.51200000000006
358.55
358.394
359.86600000000004
362.05400000000003
363.3639999999999
363.05
364.04799999999994
363.48799999999994
364.50199999999995
365.6019999999999
365.5
365.974
367.198
368.224
369.006
369.61
369.95799999999997
370.402
372.45599999999996
373.67599999999993
373.57199999999995
374.712
374.9099999999999
376.12799999999993
375.472
376.204
377.01
378.04
379.11400000000003
380.57399999999996
380.9719999999999
382.61999999999995
384.37999999999994
384.7339999999999
386.1739999999999
386.712
387.17799999999994
388.08799999999997
389.106
390.25199999999995
391.24800000000005
392.17
393.538
394.338
395.62000000000006
397.254
398.4799999999999
399.538
400.15
400.51
400.95599999999996
402.14200000000005
402.816
403.022
405.16799999999995
406.0319999999999
406.138
407.04200000000003
408.392
408.4640000000001
408.48
409.49000000000007
411.158
411.914
412.3039999999999
413.33399999999995
415.12800000000004
415.356
416.556
416.64599999999996
417.004
418.666
419.2899999999999
419.9659999999999
419.8639999999999
420.26799999999986
421.06800000000004
422.32399999999996
422.19
422.914
422.9659999999999
424.30400000000003
425.352
424.40200000000004
425.1739999999999
425.63199999999995
426.518
427.84200000000004
428.772
430.33799999999997
431.8059999999999
432.338
433.534
433.754
433.208
433.932
434.346
435.23
436.93399999999997
437.48199999999997
437.55799999999994
437.06200000000007
437.79
437.30400000000003
437.82800000000003
438.9839999999999
439.818
440.72799999999995
440.32
441.09999999999985
441.50799999999987
442.402
443.07399999999996
442.9919999999999
442.65
443.51400000000007
444.0180000000001
444.6180000000001
445.01800000000003
444.8300000000001
446.11
446.79200000000003
447.764
448.05600000000004
448.754
449.106
449.77200000000005
449.514
449.4
449.80800000000005
448.722
448.76199999999994
448.64799999999997
449.55
449.226
449.68199999999996
449.546
449.41799999999995
449.638
449.66399999999993
449.83799999999997
448.93199999999996
448.99199999999996
449.096
449.11599999999993
449.074
449.43799999999993
449.43799999999993
449.19
449.04
449.31
448.966
449.67
449.54400000000004
448.3259999999999
449.036
449.76199999999994
449.87600000000003
449.918
450.2060000000001
450.31600000000003
450.43800000000005
450.43800000000005
450.85600000000005
451.514
451.86
451.86
452.0200000000001
452.676
453.18199999999996
453.412
453.12199999999996
453.65799999999996
453.62600000000003
454.22
453.8900000000001
454.064
453.468
453.77799999999996
453.43199999999996
454.04799999999994
453.40399999999994
453.222
454.83
454.7560000000001
454.9780000000001
454.6280000000001
454.778
455.07800000000003
454.07199999999995
454.38
453.18399999999997
452.44599999999997
451.976
451.66399999999993
451.6640000000001
452.0060000000001
451.95
451.34
451.32
450.894
451.712
451.36400000000003
450.37
449.69
448.62
447.4839999999999
447.0060000000001
447.38800000000003
447.21200000000005
446.61199999999997
446.14799999999997
445.91399999999993
446.63199999999983
447.3679999999999
446.93399999999997
447.05199999999996
446.82200000000006
446.57000000000005
446.6600000000001
445.92800000000005
445.7880000000001
446.16200000000003
446.694
447.542
447.236
446.71799999999996
447.5539999999999
448.17799999999994
448.17799999999994
448.93800000000005
448.89
449.16799999999995
449.524
450.074
450.19800000000004
450.67600000000004
451.48600000000005
451.11000000000007
450.77
451.04200000000003
452.80999999999995
452.746
452.582
453.102
453.31399999999996
453.656
453.1500000000001
453.8960000000001
455.2280000000001
455.524
456.608
456.64200000000005
457.786
459.23800000000006
459.37600000000003
459.4800000000001
460.06600000000003
461.32200000000006
461.7560000000001
462.278
462.5760000000001
462.43600000000004
462.0300000000001
462.0300000000001
462.724
462.724
462.7980000000001
462.404
462.63800000000003
462.63800000000003
463.156
463.458
463.44800000000004
463.44800000000004
463.81200000000007
464.55800000000005
465.478
466.05600000000004
465.63599999999997
466.004
466.29999999999995
466.038
466.03799999999995
466.9199999999999
467.13
467.76200000000006
468.038
468.01000000000005
469.36000000000007
469.72200000000004
470.5580000000001
471.13400000000007
471.73
473.07200000000006
472.8539999999999
472.894
472.772
473.19200000000006
473.22
473.65
474.1040000000001
473.83400000000006
475.168
474.91600000000005
475.6840000000001
476.82000000000005
477.90600000000006
477.7440000000001
478.16
478.9460000000001
479.54
479.87800000000004
480.04400000000004
480.0439999999999
480.746
481.17799999999994
481.28399999999993
480.9599999999999
481.66600000000005
482.398
482.54400000000004
482.366
482.36599999999993
482.61
482.666
483.1840000000001
483.184
483.0320000000001
483.03200000000004
484.112
483.86800000000005
484.24800000000005
484.524
484.36199999999997
484.36199999999997
484.66399999999993
484.664
485.04
485.708
484.8399999999999
484.84
484.90399999999994
485.068
485.04600000000005
485.04600000000005
484.81200000000007
485.0120000000001
484.494
484.494
484.494
484.28799999999995
484.288
484.13
483.94199999999995
483.70799999999997
483.87799999999993
483.87800000000004
483.87800000000004
483.48400000000004
482.964
483.02
483.16
483.566
483.566
482.994
482.89
483.024
483.418
483.17800000000005
483.064
483.064
481.994
481.63599999999997
481.5060000000001
481.25
481.25000000000006
480.34
479.62200000000007
480.13999999999993
479.642
479.6599999999999
480.0959999999999
479.8359999999999
479.616
479.19
479.25000000000006
479.2800000000001
478.56200000000007
478.494
477.99
478.40399999999994
478.508
478.19800000000004
477.96799999999996
478.126
478.452
478.1
478.29
478.138
478.65399999999994
478.95399999999995
479.6719999999999
480.026
480.772
481.08399999999995
480.976
480.82199999999995
481.17999999999995
480.818
480.7880000000001
480.63
480.316
480.12200000000007
479.86600000000004
479.99
479.7180000000001
478.96200000000005
478.93
478.536
477.824
477.112
477.03200000000004
476.434
475.85599999999994
475.5199999999999
475.0819999999999
474.37199999999996
473.754
473.09399999999994
472.526
472.37199999999996
471.214
470.008
469.254
468.33599999999984
468.04400000000004
467.56199999999995
467.1460000000001
466.69599999999997
466.56800000000004
466.04400000000004
465.552
465.26399999999995
464.92799999999994
463.9599999999999
464.2159999999999
464.11399999999986
464.6319999999999
464.258
463.806
463.27
463.254
463.4380000000001
463.682
463.916
463.63399999999996
463.634
463.634
464.02799999999996
464.548
465.134
465.134
465.13400000000007
465.134
465.718
465.756
466.01800000000003
466.01800000000003
466.25800000000004
466.37199999999996
466.37199999999996
467.44199999999995
467.842
467.972
468.49800000000005
468.49800000000005
469.06200000000007
469.78
470.02799999999996
470.526
470.856
470.8639999999999
471.12399999999997
471.34399999999994
471.73800000000006
471.73400000000004
471.926
472.86
472.92799999999994
473.25
473.348
473.67400000000004
473.98400000000004
474.21399999999994
474.27399999999994
474.39399999999995
474.4239999999999
474.4239999999999
475.32199999999995
475.32199999999995
475.258
475.15799999999996
475.158
474.568
474.54
474.64799999999997
474.802
475.07199999999995
475.434
474.736
474.63800000000003
474.952
474.72200000000004
474.89400000000006
474.69800000000004
474.74
475.48199999999997
475.73400000000004
476.12799999999993
476.56
476.94800000000004
477.20599999999996
477.458
477.73799999999994
478.21200000000005
478.3380000000001
478.54200000000003
479.26000000000005
479.14400000000006
479.60600000000005
480.082
481.24
482.44599999999997
483.5539999999999
484.472
484.76399999999995
485.0799999999999
485.496
485.496
486.49199999999996
486.68999999999994
487.0900000000001
487.176
487.37
487.89399999999995
486.38399999999996
486.36
486.216
486.19599999999997
486.55600000000004
487.05400000000003
