28.602000000000004
29.045999999999996
29.304000000000002
29.528000000000002
29.636000000000003
29.741999999999997
29.864
30.076
30.118
30.139999999999997
30.101999999999997
30.256
30.477999999999998
30.503999999999998
30.828000000000003
30.936
30.996
31.266000000000005
31.38
31.631999999999998
31.67
31.781999999999996
31.9
32.089999999999996
32.372
32.382
32.76
32.849999999999994
33.356
33.711999999999996
33.672
33.87
33.988
34.300000000000004
34.620000000000005
34.768
35.1
35.571999999999996
35.596
35.866
35.959999999999994
36.614000000000004
36.932
37.042
37.218
37.374
37.403999999999996
37.663999999999994
38.24599999999999
38.711999999999996
38.95
39.032
39.096000000000004
39.294000000000004
39.546
39.756
39.967999999999996
40.068
40.22599999999999
40.5
40.526
40.64000000000001
40.748000000000005
40.868
41.13400000000001
41.40599999999999
41.45399999999999
41.756
41.808000000000014
42.246
42.53800000000001
42.736
42.662000000000006
42.896
43.19000000000001
43.321999999999996
43.276
43.66400000000001
44.111999999999995
44.294000000000004
44.402
44.542
44.71799999999999
44.70399999999999
44.81999999999999
45.03
45.136
45.648
45.876000000000005
45.87000000000001
46.238
46.715999999999994
46.986000000000004
47.141999999999996
47.174
47.218
47.47199999999999
47.81399999999999
47.763999999999996
47.925999999999995
48.13799999999999
48.23799999999999
48.854
49.29599999999999
49.38799999999999
49.83199999999999
50.062
50.115999999999985
50.43599999999999
51.16799999999999
51.64
51.894
52.04600000000001
52.99
53.02799999999999
53.77199999999999
54.402
54.611999999999995
55.013999999999996
55.444
56.318000000000005
56.727999999999994
57.166
57.525999999999996
57.83599999999999
58.424
58.81
59.04599999999999
59.14999999999999
59.337999999999994
59.55
59.95
60.222
60.211999999999996
60.732
61.506
62.272
62.25
62.928000000000004
63.483999999999995
64.16999999999999
63.898
64.25800000000001
64.816
65.84
66.34599999999999
66.746
66.948
67.65599999999999
68.02999999999999
68.536
69.486
70.158
70.856
71.508
71.53
71.804
72.54
73.502
73.688
74.396
74.942
75.108
76.1
76.54599999999999
76.56599999999999
77.644
78.094
78.50399999999999
79.086
79.344
79.696
80.106
80.846
81.01599999999999
81.7
82.31800000000001
82.994
83.37400000000001
83.598
84.41400000000002
84.932
85.43400000000001
85.97600000000003
86.18400000000001
86.88000000000002
87.44400000000002
87.91000000000003
88.59
89.48800000000001
89.868
90.236
90.62799999999999
91.59000000000002
92.55400000000002
93.366
93.82000000000002
94.12400000000001
94.55400000000002
95.558
96.44799999999998
97.066
97.19399999999997
97.76799999999999
98.42199999999998
99.14399999999999
99.92999999999998
101.226
102.77599999999998
103.30799999999999
103.68
104.34200000000001
104.944
105.12400000000001
105.57600000000001
105.752
106.19200000000001
106.986
107.90800000000002
108.74600000000001
109.21
109.632
110.514
110.97000000000001
112.35799999999999
112.86
113.14400000000002
114.094
114.916
115.84800000000003
117.42000000000003
118.20000000000002
119.09800000000003
120.16
121.06
121.91199999999999
122.134
123.77400000000002
124.50400000000002
125.47
127.064
128.926
129.734
130.41799999999998
130.674
131.14
132.778
133.792
134.668
135.68399999999997
137.322
137.66
138.11399999999998
138.242
139.512
140.164
141.22199999999998
141.72600000000003
141.93800000000002
142.68400000000003
144.166
145.278
147.19400000000002
147.49
148.288
149.71200000000002
150.112
151.03
152.34399999999997
152.94199999999998
154.362
155.20799999999997
156.28799999999998
156.784
157.76399999999998
159.08599999999998
159.27599999999995
160.44199999999998
161.47199999999998
163.01
163.53
164.15
165.07800000000003
165.90400000000002
166.926
167.50799999999998
168.192
168.81599999999997
169.61399999999998
170.40399999999997
170.91800000000003
171.32
172.304
172.806
173.03800000000004
173.43800000000002
175.166
176.778
178.164
179.06199999999998
180.52599999999998
181.74200000000002
182.44800000000004
182.86599999999999
184.50400000000002
184.65600000000003
184.95200000000006
185.33400000000006
185.29800000000003
186.38200000000003
186.84400000000002
188.062
189.104
189.46399999999997
190.94400000000002
191.72800000000004
193.28200000000004
193.866
195.018
195.14199999999997
196.12199999999996
197.58399999999997
198.438
200.39
200.62400000000002
201.90400000000002
203.19600000000003
203.24200000000002
203.56799999999998
203.16
203.55800000000002
203.704
203.984
205.324
205.282
206.36000000000004
207.534
207.986
210.15999999999994
210.25999999999996
210.04999999999995
210.338
210.808
212.42599999999996
213.06999999999996
213.96399999999997
214.55199999999996
215.93600000000004
216.37
217.73399999999998
217.16
218.34000000000003
220.16000000000003
222.28200000000004
221.93200000000004
224.00200000000004
225.98600000000002
226.92800000000005
227.10000000000002
228.44400000000002
228.91
230.862
231.556
233.39
234.312
235.396
235.83
237.01000000000005
237.65200000000002
238.15400000000002
239.24399999999997
239.51199999999997
239.82199999999995
240.75999999999993
241.49599999999998
241.828
243.24399999999997
242.838
244.19600000000003
245.732
246.5
247.58799999999997
247.692
247.622
248.98800000000003
248.812
248.95600000000002
249.5
249.91600000000003
249.95200000000006
250.38400000000001
250.94
251.81200000000004
252.496
253.85
254.882
255.19
255.20199999999997
256.12999999999994
257.08599999999996
256.99199999999996
257.202
257.94399999999996
258.99799999999993
259.26399999999995
260.95
262.046
263.36999999999995
264.64799999999997
264.95
266.226
267.494
268.08000000000004
270.096
270.99600000000004
271.222
272.276
273.358
272.92400000000004
274.92400000000004
275.85400000000004
275.838
276.75000000000006
276.92400000000004
276.98
278.474
280.288
281.91
282.8260000000001
284.3260000000001
284.51400000000007
285.71600000000007
286.108
286.084
287.498
287.92999999999995
287.438
287.008
285.464
286.45000000000005
287.038
287.668
287.906
288.312
289.36
290.15000000000003
290.54400000000004
290.36400000000003
290.3
290.32
290.86
291.17599999999993
290.922
290.00800000000004
290.866
289.84999999999997
289.766
290.78
291.882
292.154
292.89599999999996
292.726
292.724
292.32
292.45000000000005
293.934
294.434
294.55400000000003
295.36400000000003
294.94199999999995
294.276
294.408
295.526
296.082
297.32599999999996
298.194
299.392
299.948
299.232
298.564
298.85200000000003
298.744
299.786
301.776
301.87000000000006
302.664
304.51000000000005
305.776
305.56
306.358
306.96
308.60200000000003
309.42
310.124
310.558
310.742
311.048
311.64400000000006
311.968
311.16600000000005
311.43000000000006
311.548
311.636
311.54600000000005
312.87199999999996
313.11199999999997
314.0899999999999
314.02399999999994
314.132
314.91
314.39799999999997
314.236
315.258
314.544
314.292
315.858
315.316
316.278
317.33799999999997
317.044
317.08799999999997
318.976
319.93199999999996
320.438
321.732
320.548
320.016
321.13399999999996
321.83599999999996
321.97999999999996
323.53799999999995
324.16399999999993
325.64399999999995
326.4959999999999
326.53399999999993
327.626
329.426
329.944
331.67800000000005
332.606
332.876
332.718
333.93
334.53200000000004
335.60799999999995
335.602
335.67
336.47600000000006
335.914
336.51599999999996
337.944
337.50199999999995
339.19
340.49
340.85200000000003
341.87200000000007
342.264
341.82199999999995
342.01200000000006
341.2300000000001
341.534
342.344
342.66
343.47600000000006
343.686
343.244
345.22
345.46200000000005
344.88000000000005
347.07800000000003
348.018
349.89599999999996
350.94599999999997
351.45000000000005
351.2060000000001
351.6040000000001
351.2560000000001
352.5980000000001
354.18
355.08399999999995
355.37399999999997
356.972
358.0
357.90800000000013
358.698
360.014
358.284
357.436
359.634
360.018
360.65600000000006
361.25199999999995
362.08
361.884
361.78
361.8499999999999
361.86999999999995
362.17799999999994
362.24999999999994
363.272
363.83999999999986
364.18799999999993
365.12800000000004
365.668
365.71399999999994
365.97
367.226
367.23
366.334
366.418
367.426
366.782
366.01199999999994
366.09
367.51
366.996
368.12999999999994
368.2719999999999
369.606
369.52200000000005
370.46799999999996
370.264
369.802
370.43600000000004
369.88199999999995
370.94599999999997
370.5759999999999
370.19399999999996
371.04599999999994
371.6499999999999
371.79400000000004
371.2940000000001
372.20799999999997
372.548
372.30000000000007
372.264
371.86400000000003
372.24
370.72200000000004
370.5940000000001
371.698
372.656
372.8639999999999
371.504
371.14799999999997
372.33600000000007
373.032
373.23599999999993
375.61799999999994
376.41399999999993
375.9459999999999
375.98
374.97799999999995
375.4720000000001
375.90800000000013
375.88200000000006
375.43800000000005
376.82199999999995
377.55799999999994
378.594
377.78200000000004
376.444
376.17400000000004
375.736
376.35
376.92
375.582
376.56399999999996
378.264
377.214
377.216
377.1559999999999
376.88
377.04
377.83600000000007
377.324
378.25199999999995
378.6380000000001
379.172
379.788
381.51599999999996
381.292
381.5099999999999
382.38800000000003
382.65799999999996
383.764
385.80799999999994
387.068
386.856
387.23400000000004
388.858
388.4780000000001
388.29200000000003
388.50000000000006
388.72200000000004
390.148
391.2220000000001
392.5760000000001
393.556
394.258
394.80400000000003
395.71
396.94199999999995
396.99199999999996
397.13599999999997
396.88
396.786
397.63800000000003
398.58200000000005
399.676
399.902
400.944
402.93000000000006
403.494
402.922
403.45599999999996
402.24800000000005
402.536
401.3639999999999
402.36599999999993
402.074
402.21200000000005
402.8960000000001
402.7580000000001
403.81600000000014
404.5180000000001
406.06600000000003
406.5980000000001
405.8860000000001
406.37800000000004
406.788
408.53
408.13200000000006
408.4099999999999
409.32200000000006
408.652
409.69200000000006
410.86800000000005
412.902
412.9839999999999
413.05
413.30400000000003
414.07800000000003
414.9200000000001
414.77200000000005
415.568
414.99
415.158
415.19599999999997
415.38000000000005
416.198
417.68199999999996
418.79999999999995
418.026
418.24800000000005
419.478
419.67799999999994
418.94799999999987
419.67999999999995
421.00399999999996
421.07800000000003
421.67799999999994
421.35600000000005
420.586
421.29999999999995
419.87399999999985
421.51399999999995
420.65799999999996
420.53399999999993
420.94399999999996
421.1779999999999
420.94399999999985
420.9779999999999
421.0279999999999
421.4039999999999
421.6739999999999
420.92400000000004
421.3860000000001
420.22
419.944
419.284
419.14
419.44399999999996
419.30999999999995
419.29400000000004
419.33
419.7380000000001
419.394
420.18600000000004
420.07599999999996
419.39200000000005
419.5080000000001
419.01200000000006
420.5940000000001
421.444
420.76400000000007
420.352
419.58400000000006
419.32200000000006
419.26199999999994
419.38
420.25
419.71
419.96
419.8999999999999
420.56
419.84
419.91399999999993
420.694
420.202
420.888
421.17400000000004
419.94200000000006
421.29400000000004
422.074
421.31600000000003
421.68800000000005
421.93999999999994
422.71200000000005
422.68
422.624
422.366
421.71399999999994
421.33799999999997
421.05199999999996
419.09200000000004
417.49799999999993
416.394
417.0899999999999
416.56199999999995
416.006
415.274
415.328
415.6400000000001
415.23800000000006
415.25200000000007
414.88
414.76599999999996
414.74199999999996
415.728
415.7
416.17199999999997
415.9559999999999
416.092
416.76599999999996
415.592
416.9699999999999
417.44800000000004
417.14599999999996
416.768
416.48999999999995
417.256
416.83399999999995
417.4880000000001
417.74799999999993
417.564
418.76200000000006
418.7300000000001
418.12800000000004
418.414
419.58400000000006
419.26
421.43800000000005
422.642
422.526
424.0999999999999
423.65399999999994
425.038
425.026
425.88199999999995
426.476
426.856
426.51199999999994
426.69200000000006
426.48199999999997
426.654
427.84
427.32
427.7060000000001
427.88400000000007
428.142
428.594
428.12800000000004
427.87000000000006
428.12399999999997
427.108
427.64
428.746
427.29799999999994
428.19399999999996
428.37799999999993
428.7799999999999
429.88199999999995
429.098
428.97
429.676
429.50800000000004
430.32
430.68600000000004
431.11800000000005
