5.0
24.0
17.0
13.0
17.0
18.0
19.0
14.0
12.0
12.0
30.0
11.0
16.0
32.0
11.0
12.0
10.0
13.0
12.0
11.0
14.0
10.0
12.0
12.0
10.0
10.0
10.0
10.0
13.0
10.0
10.0
12.0
13.0
15.0
228.0
152.0
252.0
314.0
438.0
242.0
214.0
198.0
211.0
216.0
252.0
236.0
277.0
295.0
254.0
335.0
428.0
247.0
288.0
371.0
216.0
236.0
159.0
239.0
64.0
75.0
84.0
178.0
35.0
34.0
29.0
25.0
24.0
24.0
22.0
24.0
19.0
19.0
21.0
21.0
20.0
21.0
19.0
18.0
20.0
20.0
20.0
18.0
19.0
18.0
19.0
18.0
18.0
18.0
18.0
19.0
18.0
18.0
18.0
18.0
16.0
16.0
16.0
131.0
18.0
16.0
16.0
18.0
18.0
18.0
18.0
17.0
16.0
16.0
16.0
15.0
16.0
16.0
16.0
16.0
16.0
16.0
18.0
16.0
16.0
16.0
15.0
15.0
16.0
16.0
16.0
16.0
16.0
16.0
15.0
15.0
16.0
16.0
16.0
16.0
15.0
15.0
15.0
16.0
16.0
15.0
15.0
16.0
14.0
16.0
15.0
16.0
16.0
16.0
16.0
16.0
16.0
16.0
16.0
16.0
16.0
16.0
16.0
18.0
16.0
16.0
16.0
16.0
16.0
16.0
16.0
16.0
16.0
16.0
16.0
16.0
16.0
16.0
18.0
16.0
17.0
18.0
16.0
18.0
19.0
18.0
18.0
18.0
22.0
18.0
18.0
20.0
19.0
18.0
20.0
130.0
180.0
400.0
500.0
500.0
330.0
500.0
500.0
500.0
500.0
500.0
500.0
500.0
453.0
385.0
429.0
500.0
445.0
500.0
491.0
500.0
500.0
500.0
500.0
500.0
500.0
500.0
500.0
500.0
500.0
500.0
500.0
500.0
500.0
500.0
500.0
500.0
500.0
500.0
500.0
500.0
500.0
500.0
500.0
500.0
500.0
223.0
198.0
204.0
183.0
180.0
180.0
198.0
225.0
259.0
253.0
369.0
500.0
500.0
500.0
500.0
500.0
500.0
500.0
500.0
500.0
500.0
500.0
347.0
180.0
155.0
144.0
126.0
120.0
108.0
110.0
111.0
110.0
109.0
109.0
106.0
103.0
102.0
101.0
102.0
102.0
102.0
101.0
101.0
102.0
102.0
102.0
99.0
102.0
101.0
104.0
105.0
103.0
104.0
110.0
109.0
110.0
110.0
113.0
111.0
113.0
111.0
114.0
118.0
115.0
118.0
120.0
121.0
124.0
125.0
126.0
127.0
132.0
138.0
135.0
144.0
152.0
159.0
500.0
500.0
500.0
500.0
500.0
500.0
500.0
444.0
420.0
330.0
300.0
290.0
281.0
282.0
426.0
500.0
500.0
500.0
500.0
500.0
500.0
500.0
500.0
500.0
500.0
500.0
500.0
500.0
500.0
500.0
500.0
500.0
479.0
381.0
174.0
147.0
142.0
136.0
141.0
138.0
138.0
140.0
151.0
147.0
155.0
478.0
500.0
204.0
178.0
173.0
170.0
170.0
160.0
140.0
143.0
143.0
336.0
146.0
500.0
500.0
500.0
500.0
500.0
500.0
128.0
140.0
135.0
140.0
131.0
500.0
500.0
500.0
500.0
500.0
66.0
67.0
64.0
68.0
500.0
500.0
500.0
500.0
500.0
500.0
500.0
500.0
500.0
500.0
500.0
405.0
141.0
131.0
119.0
124.0
119.0
109.0
113.0
117.0
109.0
114.0
102.0
106.0
103.0
102.0
98.0
101.0
103.0
106.0
104.0
104.0
101.0
101.0
98.0
100.0
102.0
100.0
103.0
100.0
104.0
103.0
107.0
101.0
110.0
115.0
107.0
120.0
366.0
221.0
305.0
66.0
67.0
66.0
62.0
60.0
58.0
57.0
56.0
53.0
54.0
60.0
59.0
54.0
71.0
53.0
54.0
46.0
49.0
50.0
112.0
52.0
72.0
56.0
121.0
63.0
57.0
73.0
61.0
54.0
181.0
57.0
385.0
500.0
500.0
500.0
500.0
500.0
500.0
500.0
332.0
324.0
120.0
120.0
119.0
122.0
124.0
118.0
115.0
119.0
125.0
120.0
119.0
120.0
121.0
137.0
116.0
258.0
500.0
500.0
500.0
435.0
500.0
500.0
500.0
500.0
268.0
500.0
500.0
500.0
500.0
500.0
167.0
500.0
500.0
500.0
500.0
500.0
500.0
252.0
246.0
322.0
500.0
271.0
266.0
500.0
209.0
216.0
186.0
205.0
167.0
183.0
104.0
500.0
118.0
500.0
379.0
500.0
169.0
260.0
208.0
500.0
135.0
147.0
136.0
173.0
500.0
500.0
474.0
500.0
500.0
500.0
500.0
500.0
500.0
500.0
500.0
500.0
500.0
500.0
500.0
500.0
326.0
500.0
500.0
500.0
500.0
500.0
500.0
500.0
500.0
500.0
500.0
500.0
500.0
500.0
405.0
473.0
500.0
500.0
500.0
500.0
500.0
500.0
500.0
500.0
500.0
500.0
500.0
500.0
500.0
500.0
500.0
500.0
500.0
500.0
500.0
500.0
449.0
500.0
500.0
500.0
500.0
500.0
500.0
140.0
167.0
500.0
500.0
500.0
500.0
134.0
500.0
74.0
94.0
267.0
56.0
62.0
58.0
59.0
60.0
48.0
51.0
57.0
55.0
50.0
49.0
51.0
52.0
52.0
59.0
54.0
52.0
54.0
53.0
53.0
52.0
80.0
73.0
57.0
78.0
73.0
60.0
65.0
76.0
281.0
186.0
500.0
242.0
214.0
414.0
213.0
221.0
204.0
215.0
220.0
241.0
500.0
500.0
500.0
500.0
500.0
217.0
319.0
198.0
294.0
204.0
119.0
112.0
159.0
112.0
96.0
125.0
98.0
94.0
316.0
500.0
500.0
201.0
159.0
155.0
149.0
154.0
159.0
161.0
172.0
181.0
213.0
266.0
500.0
500.0
500.0
500.0
500.0
500.0
500.0
500.0
500.0
500.0
500.0
500.0
500.0
392.0
500.0
474.0
151.0
152.0
394.0
154.0
147.0
163.0
108.0
382.0
144.0
119.0
124.0
123.0
126.0
113.0
149.0
186.0
189.0
186.0
133.0
226.0
212.0
272.0
197.0
137.0
152.0
155.0
142.0
146.0
135.0
164.0
152.0
124.0
139.0
147.0
121.0
126.0
123.0
135.0
139.0
137.0
136.0
162.0
176.0
140.0
131.0
394.0
500.0
500.0
245.0
228.0
242.0
192.0
111.0
115.0
213.0
120.0
117.0
210.0
109.0
207.0
207.0
212.0
229.0
208.0
217.0
228.0
231.0
218.0
243.0
259.0
500.0
500.0
500.0
500.0
167.0
69.0
120.0
54.0
63.0
54.0
48.0
50.0
45.0
46.0
37.0
47.0
48.0
46.0
50.0
45.0
46.0
47.0
47.0
50.0
49.0
49.0
48.0
49.0
52.0
48.0
49.0
50.0
49.0
49.0
49.0
49.0
52.0
51.0
54.0
52.0
52.0
54.0
54.0
52.0
54.0
54.0
51.0
54.0
51.0
53.0
54.0
51.0
55.0
51.0
58.0
62.0
90.0
70.0
59.0
63.0
114.0
77.0
54.0
107.0
72.0
64.0
71.0
74.0
124.0
128.0
135.0
139.0
144.0
139.0
151.0
148.0
146.0
152.0
150.0
161.0
159.0
160.0
165.0
162.0
156.0
164.0
156.0
157.0
168.0
174.0
191.0
191.0
204.0
215.0
220.0
257.0
270.0
353.0
500.0
500.0
500.0
500.0
500.0
390.0
148.0
213.0
149.0
94.0
139.0
94.0
91.0
139.0
94.0
94.0
95.0
97.0
96.0
96.0
94.0
132.0
93.0
80.0
270.0
135.0
75.0
136.0
218.0
200.0
134.0
193.0
215.0
193.0
158.0
152.0
162.0
138.0
118.0
114.0
114.0
121.0
109.0
124.0
115.0
119.0
107.0
143.0
111.0
143.0
168.0
134.0
110.0
108.0
106.0
102.0
113.0
100.0
100.0
101.0
81.0
94.0
106.0
100.0
101.0
106.0
108.0
105.0
104.0
101.0
105.0
104.0
102.0
116.0
14.0
104.0
107.0
97.0
108.0
103.0
101.0
103.0
105.0
105.0
102.0
99.0
101.0
105.0
102.0
104.0
102.0
103.0
103.0
105.0
106.0
103.0
105.0
103.0
107.0
108.0
108.0
112.0
110.0
111.0
119.0
111.0
120.0
121.0
125.0
130.0
135.0
144.0
147.0
154.0
154.0
154.0
168.0
181.0
209.0
240.0
227.0
268.0
257.0
294.0
349.0
500.0
500.0
