1.0
10.0
10.0
10.0
10.0
10.0
10.0
10.0
10.0
10.0
10.0
10.0
10.0
10.0
10.0
10.0
10.0
10.0
10.0
10.0
10.0
10.0
10.0
11.0
10.0
10.0
10.0
10.0
10.0
10.0
10.0
10.0
10.0
10.0
10.0
10.0
10.0
10.0
10.0
10.0
10.0
10.0
10.0
10.0
10.0
10.0
10.0
10.0
10.0
10.0
10.0
10.0
10.0
10.0
10.0
10.0
10.0
10.0
10.0
10.0
10.0
9.0
9.0
9.0
9.0
9.0
9.0
9.0
9.0
9.0
9.0
9.0
10.0
9.0
9.0
9.0
9.0
9.0
9.0
9.0
9.0
9.0
9.0
10.0
9.0
9.0
9.0
9.0
9.0
9.0
9.0
9.0
9.0
9.0
9.0
9.0
9.0
9.0
9.0
9.0
11.0
9.0
9.0
9.0
9.0
9.0
9.0
9.0
9.0
9.0
9.0
9.0
9.0
9.0
9.0
9.0
9.0
9.0
9.0
9.0
9.0
9.0
9.0
9.0
10.0
9.0
10.0
9.0
11.0
15.0
16.0
36.0
57.0
70.0
39.0
37.0
39.0
39.0
34.0
36.0
34.0
34.0
32.0
34.0
38.0
34.0
36.0
36.0
34.0
35.0
36.0
36.0
33.0
33.0
34.0
33.0
33.0
31.0
29.0
29.0
24.0
29.0
24.0
25.0
26.0
25.0
27.0
24.0
26.0
25.0
27.0
25.0
25.0
25.0
29.0
27.0
27.0
29.0
32.0
31.0
29.0
32.0
32.0
31.0
31.0
31.0
35.0
36.0
39.0
35.0
39.0
36.0
39.0
43.0
40.0
41.0
48.0
45.0
47.0
47.0
53.0
53.0
56.0
57.0
69.0
67.0
75.0
75.0
81.0
109.0
113.0
121.0
171.0
369.0
258.0
287.0
183.0
160.0
144.0
138.0
132.0
126.0
124.0
116.0
116.0
123.0
119.0
114.0
117.0
115.0
117.0
116.0
120.0
117.0
115.0
114.0
114.0
114.0
107.0
109.0
116.0
111.0
110.0
103.0
106.0
109.0
101.0
101.0
101.0
101.0
99.0
94.0
98.0
101.0
103.0
101.0
98.0
99.0
101.0
101.0
103.0
102.0
103.0
104.0
112.0
108.0
105.0
104.0
109.0
102.0
103.0
100.0
102.0
102.0
105.0
102.0
105.0
103.0
107.0
104.0
105.0
103.0
105.0
105.0
105.0
103.0
105.0
106.0
107.0
103.0
106.0
110.0
110.0
107.0
109.0
108.0
117.0
119.0
132.0
119.0
127.0
144.0
143.0
140.0
152.0
166.0
182.0
194.0
226.0
216.0
223.0
228.0
198.0
193.0
182.0
193.0
186.0
168.0
166.0
161.0
157.0
160.0
158.0
159.0
159.0
163.0
164.0
157.0
161.0
168.0
171.0
170.0
168.0
175.0
176.0
177.0
177.0
192.0
188.0
193.0
194.0
188.0
191.0
189.0
197.0
201.0
191.0
197.0
199.0
194.0
203.0
192.0
192.0
198.0
192.0
189.0
188.0
191.0
194.0
191.0
190.0
204.0
215.0
204.0
198.0
203.0
215.0
204.0
203.0
208.0
214.0
235.0
228.0
214.0
232.0
229.0
235.0
240.0
242.0
246.0
241.0
249.0
244.0
232.0
251.0
268.0
264.0
267.0
249.0
278.0
279.0
284.0
272.0
265.0
294.0
300.0
305.0
287.0
268.0
307.0
298.0
306.0
292.0
275.0
240.0
240.0
254.0
235.0
237.0
237.0
231.0
426.0
450.0
500.0
500.0
500.0
500.0
500.0
500.0
500.0
500.0
500.0
500.0
500.0
500.0
500.0
500.0
500.0
500.0
500.0
500.0
500.0
500.0
500.0
500.0
500.0
500.0
500.0
500.0
296.0
500.0
356.0
306.0
278.0
265.0
258.0
255.0
249.0
244.0
245.0
236.0
255.0
231.0
239.0
190.0
177.0
188.0
175.0
164.0
166.0
163.0
171.0
177.0
181.0
228.0
243.0
406.0
500.0
500.0
500.0
500.0
500.0
500.0
500.0
500.0
456.0
500.0
500.0
500.0
500.0
500.0
500.0
500.0
500.0
500.0
470.0
335.0
304.0
273.0
233.0
227.0
202.0
198.0
184.0
197.0
182.0
188.0
183.0
176.0
192.0
171.0
166.0
335.0
500.0
500.0
500.0
500.0
500.0
500.0
500.0
500.0
500.0
500.0
500.0
431.0
392.0
354.0
333.0
341.0
325.0
310.0
285.0
346.0
394.0
430.0
477.0
500.0
500.0
500.0
500.0
500.0
500.0
500.0
500.0
500.0
500.0
500.0
500.0
500.0
500.0
500.0
500.0
500.0
500.0
500.0
500.0
500.0
500.0
500.0
500.0
500.0
500.0
500.0
500.0
500.0
500.0
486.0
461.0
193.0
187.0
181.0
190.0
191.0
186.0
184.0
182.0
187.0
186.0
191.0
196.0
202.0
202.0
217.0
229.0
500.0
500.0
500.0
500.0
500.0
500.0
500.0
500.0
500.0
500.0
500.0
500.0
500.0
500.0
138.0
136.0
133.0
43.0
53.0
54.0
46.0
54.0
52.0
32.0
48.0
49.0
44.0
45.0
45.0
42.0
31.0
28.0
31.0
31.0
31.0
28.0
40.0
28.0
21.0
28.0
31.0
28.0
26.0
27.0
32.0
21.0
21.0
30.0
23.0
28.0
25.0
28.0
24.0
31.0
30.0
36.0
33.0
37.0
34.0
42.0
43.0
52.0
305.0
142.0
379.0
138.0
72.0
96.0
44.0
42.0
38.0
38.0
37.0
40.0
25.0
27.0
29.0
33.0
26.0
25.0
25.0
28.0
33.0
28.0
28.0
25.0
31.0
30.0
28.0
28.0
33.0
32.0
32.0
32.0
32.0
30.0
33.0
32.0
34.0
32.0
33.0
39.0
37.0
37.0
39.0
46.0
41.0
41.0
41.0
36.0
41.0
38.0
38.0
36.0
41.0
41.0
41.0
41.0
37.0
41.0
37.0
37.0
37.0
36.0
41.0
37.0
36.0
39.0
38.0
38.0
41.0
41.0
37.0
38.0
41.0
38.0
38.0
38.0
37.0
38.0
34.0
37.0
34.0
34.0
33.0
35.0
34.0
32.0
37.0
33.0
34.0
34.0
37.0
32.0
32.0
32.0
30.0
32.0
35.0
37.0
32.0
35.0
32.0
33.0
33.0
35.0
32.0
34.0
32.0
32.0
32.0
32.0
33.0
33.0
32.0
33.0
33.0
33.0
32.0
35.0
33.0
33.0
37.0
33.0
33.0
37.0
35.0
37.0
33.0
35.0
33.0
37.0
35.0
33.0
33.0
33.0
38.0
39.0
34.0
38.0
39.0
40.0
44.0
44.0
38.0
42.0
35.0
42.0
39.0
39.0
44.0
44.0
46.0
47.0
45.0
44.0
44.0
44.0
47.0
44.0
47.0
53.0
44.0
46.0
49.0
55.0
54.0
46.0
53.0
58.0
68.0
269.0
490.0
500.0
500.0
500.0
500.0
500.0
500.0
500.0
500.0
500.0
500.0
500.0
500.0
500.0
500.0
500.0
500.0
500.0
500.0
500.0
500.0
473.0
181.0
158.0
168.0
143.0
143.0
144.0
126.0
129.0
144.0
127.0
147.0
146.0
188.0
148.0
182.0
187.0
195.0
207.0
224.0
206.0
222.0
207.0
500.0
500.0
500.0
468.0
384.0
169.0
164.0
177.0
158.0
147.0
500.0
293.0
260.0
245.0
236.0
263.0
264.0
194.0
164.0
167.0
159.0
500.0
500.0
500.0
500.0
500.0
500.0
500.0
500.0
414.0
260.0
215.0
212.0
215.0
205.0
216.0
412.0
500.0
500.0
500.0
482.0
318.0
500.0
500.0
500.0
500.0
500.0
500.0
500.0
500.0
500.0
500.0
500.0
500.0
500.0
500.0
500.0
500.0
500.0
500.0
480.0
266.0
283.0
252.0
349.0
255.0
351.0
500.0
500.0
500.0
500.0
490.0
372.0
343.0
220.0
184.0
173.0
166.0
163.0
170.0
172.0
210.0
188.0
427.0
500.0
500.0
500.0
500.0
500.0
500.0
500.0
500.0
500.0
500.0
500.0
352.0
298.0
238.0
228.0
203.0
198.0
169.0
166.0
144.0
143.0
147.0
142.0
147.0
149.0
159.0
180.0
196.0
236.0
448.0
500.0
500.0
500.0
500.0
500.0
500.0
500.0
500.0
500.0
500.0
500.0
500.0
500.0
500.0
500.0
500.0
500.0
500.0
500.0
500.0
500.0
500.0
500.0
500.0
464.0
221.0
180.0
169.0
135.0
119.0
114.0
111.0
109.0
106.0
106.0
107.0
