25.0
36.0
44.0
26.0
12.0
40.0
19.0
27.0
20.0
33.0
13.0
14.0
14.0
16.0
15.0
25.0
25.0
16.0
14.0
13.0
14.0
11.0
17.0
18.0
15.0
16.0
18.0
20.0
62.0
20.0
20.0
40.0
41.0
27.0
14.0
13.0
26.0
27.0
22.0
10.0
12.0
12.0
13.0
10.0
26.0
21.0
47.0
22.0
20.0
44.0
17.0
46.0
39.0
46.0
42.0
46.0
32.0
71.0
30.0
26.0
40.0
30.0
78.0
29.0
18.0
25.0
51.0
35.0
22.0
30.0
64.0
38.0
37.0
58.0
86.0
37.0
55.0
56.0
34.0
56.0
40.0
56.0
48.0
38.0
130.0
108.0
85.0
35.0
37.0
58.0
50.0
45.0
62.0
43.0
37.0
46.0
35.0
35.0
40.0
40.0
65.0
70.0
51.0
118.0
44.0
118.0
115.0
63.0
73.0
57.0
41.0
59.0
55.0
38.0
40.0
35.0
35.0
44.0
30.0
35.0
35.0
30.0
35.0
34.0
35.0
33.0
30.0
31.0
32.0
36.0
41.0
46.0
43.0
67.0
84.0
64.0
63.0
66.0
54.0
147.0
45.0
87.0
65.0
56.0
50.0
51.0
45.0
70.0
53.0
63.0
43.0
39.0
74.0
65.0
57.0
47.0
96.0
41.0
69.0
63.0
100.0
54.0
56.0
102.0
100.0
85.0
47.0
96.0
59.0
72.0
68.0
34.0
53.0
52.0
43.0
42.0
61.0
61.0
59.0
75.0
66.0
52.0
54.0
54.0
47.0
45.0
56.0
43.0
50.0
39.0
38.0
43.0
35.0
41.0
34.0
30.0
42.0
37.0
36.0
47.0
38.0
35.0
43.0
31.0
36.0
35.0
36.0
41.0
39.0
36.0
36.0
31.0
41.0
45.0
52.0
43.0
50.0
42.0
38.0
41.0
38.0
49.0
56.0
48.0
43.0
67.0
79.0
66.0
86.0
52.0
38.0
48.0
52.0
51.0
71.0
52.0
58.0
53.0
57.0
72.0
66.0
92.0
53.0
48.0
58.0
56.0
54.0
81.0
91.0
101.0
100.0
137.0
72.0
74.0
71.0
60.0
61.0
98.0
119.0
49.0
45.0
49.0
40.0
39.0
48.0
57.0
44.0
45.0
44.0
45.0
41.0
39.0
36.0
34.0
38.0
44.0
43.0
53.0
49.0
43.0
45.0
50.0
48.0
49.0
46.0
42.0
34.0
45.0
44.0
45.0
37.0
39.0
54.0
49.0
61.0
56.0
48.0
47.0
42.0
39.0
54.0
51.0
53.0
66.0
58.0
84.0
52.0
59.0
57.0
63.0
70.0
79.0
62.0
99.0
78.0
62.0
58.0
45.0
43.0
58.0
50.0
51.0
54.0
47.0
54.0
52.0
60.0
57.0
62.0
59.0
70.0
66.0
60.0
57.0
58.0
49.0
47.0
52.0
63.0
66.0
58.0
80.0
105.0
67.0
56.0
51.0
58.0
63.0
77.0
108.0
60.0
99.0
98.0
80.0
60.0
64.0
145.0
92.0
72.0
76.0
71.0
103.0
70.0
115.0
94.0
101.0
82.0
155.0
85.0
97.0
97.0
126.0
140.0
72.0
79.0
74.0
89.0
170.0
69.0
72.0
79.0
78.0
81.0
95.0
104.0
65.0
82.0
153.0
104.0
124.0
307.0
190.0
127.0
109.0
87.0
100.0
151.0
172.0
166.0
135.0
318.0
277.0
222.0
368.0
246.0
234.0
255.0
331.0
500.0
238.0
500.0
241.0
159.0
500.0
171.0
176.0
201.0
153.0
128.0
131.0
116.0
500.0
500.0
407.0
500.0
433.0
500.0
500.0
500.0
500.0
500.0
500.0
500.0
500.0
500.0
349.0
182.0
142.0
104.0
101.0
104.0
92.0
81.0
345.0
500.0
500.0
127.0
121.0
166.0
500.0
500.0
387.0
252.0
317.0
304.0
429.0
455.0
468.0
377.0
225.0
372.0
344.0
350.0
355.0
425.0
431.0
481.0
432.0
143.0
359.0
119.0
69.0
500.0
294.0
298.0
394.0
349.0
280.0
309.0
330.0
266.0
330.0
418.0
402.0
453.0
347.0
370.0
374.0
463.0
464.0
459.0
500.0
365.0
460.0
388.0
397.0
500.0
485.0
469.0
500.0
357.0
406.0
486.0
350.0
339.0
500.0
299.0
368.0
398.0
500.0
500.0
367.0
461.0
500.0
500.0
500.0
500.0
500.0
500.0
500.0
500.0
430.0
500.0
348.0
314.0
256.0
365.0
334.0
500.0
500.0
500.0
500.0
500.0
494.0
500.0
500.0
500.0
500.0
500.0
407.0
500.0
500.0
500.0
500.0
500.0
500.0
249.0
500.0
500.0
500.0
500.0
500.0
500.0
500.0
500.0
500.0
500.0
500.0
500.0
500.0
500.0
500.0
500.0
409.0
32.0
9.0
11.0
16.0
10.0
9.0
11.0
10.0
10.0
10.0
11.0
23.0
11.0
9.0
19.0
9.0
10.0
20.0
9.0
9.0
9.0
9.0
9.0
9.0
24.0
23.0
22.0
9.0
25.0
9.0
15.0
27.0
22.0
23.0
25.0
9.0
24.0
29.0
24.0
9.0
25.0
9.0
27.0
13.0
9.0
27.0
27.0
25.0
22.0
23.0
22.0
22.0
25.0
29.0
23.0
23.0
19.0
22.0
22.0
21.0
25.0
23.0
26.0
19.0
18.0
24.0
21.0
27.0
19.0
27.0
27.0
25.0
18.0
23.0
18.0
29.0
22.0
16.0
19.0
19.0
19.0
23.0
24.0
18.0
25.0
23.0
19.0
23.0
28.0
34.0
144.0
75.0
52.0
74.0
104.0
84.0
118.0
118.0
177.0
285.0
154.0
135.0
179.0
136.0
144.0
266.0
500.0
500.0
500.0
500.0
321.0
286.0
240.0
163.0
116.0
133.0
141.0
131.0
128.0
124.0
137.0
145.0
160.0
141.0
149.0
170.0
172.0
180.0
163.0
163.0
145.0
90.0
96.0
71.0
77.0
82.0
69.0
47.0
45.0
54.0
54.0
49.0
50.0
46.0
40.0
49.0
44.0
45.0
49.0
53.0
57.0
65.0
51.0
63.0
73.0
91.0
110.0
177.0
127.0
176.0
171.0
105.0
107.0
102.0
114.0
120.0
124.0
172.0
177.0
167.0
216.0
155.0
189.0
226.0
181.0
285.0
190.0
301.0
186.0
273.0
243.0
236.0
187.0
78.0
93.0
94.0
88.0
104.0
88.0
113.0
197.0
81.0
92.0
77.0
77.0
79.0
78.0
98.0
79.0
150.0
158.0
132.0
112.0
127.0
113.0
137.0
160.0
155.0
154.0
143.0
153.0
172.0
164.0
171.0
177.0
220.0
161.0
230.0
279.0
247.0
194.0
147.0
123.0
135.0
131.0
147.0
158.0
158.0
190.0
230.0
295.0
275.0
227.0
212.0
308.0
307.0
267.0
206.0
352.0
228.0
179.0
335.0
281.0
409.0
435.0
360.0
321.0
357.0
500.0
433.0
361.0
381.0
173.0
500.0
500.0
500.0
500.0
500.0
500.0
500.0
500.0
500.0
500.0
500.0
500.0
500.0
500.0
500.0
500.0
500.0
500.0
500.0
500.0
500.0
500.0
500.0
500.0
500.0
500.0
500.0
500.0
500.0
500.0
500.0
500.0
500.0
500.0
500.0
500.0
500.0
500.0
500.0
500.0
500.0
500.0
500.0
500.0
500.0
500.0
500.0
500.0
500.0
500.0
500.0
500.0
500.0
500.0
500.0
500.0
500.0
500.0
500.0
500.0
500.0
500.0
500.0
500.0
500.0
500.0
500.0
500.0
500.0
500.0
500.0
500.0
500.0
500.0
500.0
500.0
500.0
500.0
500.0
500.0
500.0
500.0
500.0
500.0
500.0
500.0
500.0
500.0
500.0
500.0
500.0
500.0
500.0
500.0
500.0
500.0
500.0
500.0
500.0
500.0
500.0
500.0
500.0
500.0
500.0
500.0
500.0
500.0
500.0
500.0
500.0
500.0
500.0
500.0
500.0
500.0
500.0
500.0
500.0
500.0
500.0
500.0
500.0
500.0
500.0
500.0
500.0
500.0
500.0
500.0
500.0
500.0
500.0
500.0
500.0
500.0
500.0
500.0
500.0
500.0
500.0
500.0
500.0
500.0
500.0
500.0
500.0
500.0
500.0
500.0
500.0
500.0
500.0
500.0
500.0
500.0
500.0
500.0
500.0
500.0
500.0
500.0
500.0
500.0
500.0
500.0
500.0
500.0
500.0
500.0
500.0
500.0
500.0
500.0
500.0
500.0
500.0
500.0
500.0
500.0
500.0
500.0
500.0
