35.0
20.0
22.0
13.0
28.0
12.0
26.0
22.0
29.0
25.0
12.0
28.0
23.0
16.0
25.0
28.0
21.0
13.0
19.0
23.0
24.0
15.0
40.0
15.0
60.0
41.0
13.0
26.0
28.0
35.0
14.0
18.0
41.0
21.0
22.0
41.0
12.0
12.0
25.0
34.0
22.0
55.0
21.0
60.0
24.0
21.0
83.0
17.0
17.0
12.0
78.0
26.0
20.0
44.0
90.0
47.0
38.0
16.0
20.0
17.0
28.0
14.0
24.0
66.0
17.0
35.0
16.0
78.0
31.0
60.0
28.0
67.0
19.0
84.0
56.0
66.0
23.0
91.0
46.0
64.0
26.0
46.0
28.0
28.0
50.0
56.0
87.0
30.0
52.0
27.0
74.0
32.0
21.0
15.0
46.0
29.0
24.0
57.0
49.0
30.0
42.0
56.0
46.0
27.0
33.0
27.0
20.0
24.0
25.0
83.0
39.0
53.0
40.0
41.0
37.0
66.0
42.0
78.0
44.0
28.0
52.0
36.0
68.0
32.0
86.0
42.0
25.0
31.0
35.0
33.0
30.0
44.0
84.0
86.0
28.0
39.0
29.0
38.0
34.0
36.0
39.0
102.0
56.0
60.0
53.0
54.0
38.0
33.0
75.0
25.0
33.0
44.0
31.0
38.0
40.0
57.0
30.0
80.0
31.0
41.0
38.0
19.0
48.0
45.0
44.0
39.0
87.0
31.0
33.0
63.0
21.0
49.0
21.0
65.0
32.0
44.0
43.0
33.0
13.0
46.0
65.0
27.0
46.0
41.0
93.0
39.0
55.0
56.0
96.0
27.0
82.0
55.0
27.0
31.0
29.0
52.0
31.0
36.0
25.0
56.0
29.0
33.0
66.0
28.0
39.0
50.0
40.0
42.0
63.0
97.0
59.0
47.0
47.0
90.0
60.0
181.0
83.0
37.0
27.0
24.0
40.0
62.0
94.0
32.0
60.0
66.0
36.0
64.0
52.0
104.0
96.0
44.0
104.0
61.0
47.0
41.0
17.0
122.0
33.0
38.0
101.0
28.0
35.0
83.0
23.0
48.0
107.0
35.0
153.0
93.0
147.0
16.0
128.0
90.0
34.0
26.0
48.0
81.0
84.0
84.0
93.0
44.0
57.0
171.0
64.0
29.0
116.0
142.0
98.0
42.0
64.0
106.0
33.0
133.0
72.0
69.0
100.0
118.0
165.0
62.0
56.0
76.0
39.0
39.0
73.0
128.0
149.0
160.0
223.0
207.0
75.0
38.0
124.0
129.0
157.0
22.0
435.0
40.0
156.0
89.0
243.0
110.0
68.0
142.0
32.0
135.0
135.0
420.0
81.0
176.0
198.0
58.0
124.0
163.0
211.0
85.0
178.0
45.0
152.0
33.0
239.0
240.0
109.0
184.0
67.0
113.0
186.0
257.0
28.0
131.0
67.0
141.0
154.0
20.0
243.0
110.0
184.0
237.0
143.0
163.0
296.0
138.0
29.0
225.0
130.0
128.0
47.0
243.0
127.0
192.0
14.0
107.0
102.0
222.0
64.0
108.0
41.0
168.0
175.0
117.0
97.0
176.0
164.0
156.0
47.0
187.0
147.0
147.0
237.0
284.0
500.0
282.0
106.0
284.0
371.0
192.0
227.0
82.0
112.0
214.0
133.0
216.0
297.0
171.0
350.0
56.0
72.0
157.0
113.0
213.0
191.0
112.0
155.0
209.0
207.0
187.0
500.0
416.0
161.0
277.0
139.0
188.0
254.0
135.0
187.0
219.0
108.0
427.0
275.0
214.0
181.0
184.0
346.0
225.0
231.0
145.0
151.0
170.0
390.0
203.0
500.0
333.0
311.0
280.0
209.0
266.0
272.0
97.0
77.0
361.0
164.0
303.0
265.0
224.0
388.0
168.0
234.0
346.0
439.0
203.0
255.0
343.0
225.0
245.0
357.0
445.0
299.0
328.0
275.0
252.0
199.0
201.0
109.0
260.0
264.0
120.0
442.0
424.0
394.0
332.0
294.0
205.0
88.0
163.0
372.0
251.0
372.0
58.0
376.0
299.0
218.0
303.0
423.0
159.0
251.0
285.0
129.0
500.0
421.0
208.0
279.0
305.0
108.0
261.0
164.0
269.0
322.0
191.0
144.0
204.0
333.0
202.0
250.0
404.0
374.0
500.0
135.0
122.0
189.0
185.0
288.0
326.0
410.0
145.0
247.0
236.0
500.0
180.0
179.0
174.0
149.0
190.0
422.0
174.0
441.0
325.0
323.0
208.0
369.0
143.0
285.0
242.0
207.0
201.0
256.0
279.0
105.0
299.0
222.0
260.0
314.0
411.0
48.0
192.0
320.0
497.0
136.0
203.0
316.0
287.0
375.0
190.0
235.0
417.0
184.0
163.0
383.0
196.0
162.0
418.0
182.0
366.0
150.0
180.0
205.0
169.0
364.0
186.0
220.0
107.0
206.0
238.0
235.0
500.0
182.0
58.0
402.0
213.0
156.0
344.0
338.0
349.0
358.0
208.0
500.0
410.0
361.0
160.0
406.0
218.0
167.0
494.0
233.0
202.0
237.0
230.0
94.0
441.0
265.0
381.0
204.0
331.0
500.0
367.0
255.0
500.0
244.0
382.0
283.0
264.0
393.0
500.0
324.0
460.0
422.0
156.0
167.0
500.0
454.0
478.0
299.0
206.0
295.0
247.0
198.0
367.0
230.0
285.0
365.0
329.0
211.0
435.0
236.0
260.0
297.0
167.0
336.0
221.0
186.0
61.0
265.0
232.0
500.0
282.0
375.0
370.0
197.0
500.0
500.0
449.0
500.0
494.0
145.0
217.0
185.0
362.0
455.0
500.0
396.0
90.0
445.0
225.0
340.0
500.0
500.0
500.0
136.0
185.0
500.0
500.0
500.0
500.0
243.0
286.0
466.0
500.0
500.0
500.0
500.0
500.0
500.0
500.0
160.0
447.0
500.0
500.0
215.0
149.0
500.0
423.0
266.0
126.0
463.0
500.0
271.0
193.0
102.0
139.0
300.0
500.0
277.0
142.0
385.0
500.0
390.0
500.0
307.0
500.0
298.0
259.0
290.0
348.0
241.0
500.0
201.0
500.0
500.0
500.0
112.0
500.0
479.0
370.0
185.0
500.0
343.0
500.0
146.0
200.0
331.0
334.0
267.0
296.0
404.0
420.0
156.0
500.0
219.0
126.0
211.0
271.0
258.0
311.0
288.0
247.0
180.0
423.0
500.0
500.0
359.0
250.0
177.0
292.0
253.0
243.0
168.0
463.0
236.0
298.0
500.0
500.0
157.0
325.0
351.0
500.0
242.0
436.0
483.0
500.0
500.0
357.0
385.0
500.0
500.0
500.0
168.0
323.0
159.0
256.0
500.0
500.0
472.0
460.0
483.0
500.0
500.0
500.0
283.0
500.0
500.0
188.0
500.0
429.0
500.0
500.0
500.0
114.0
408.0
500.0
500.0
500.0
468.0
28.0
213.0
468.0
454.0
500.0
500.0
316.0
500.0
290.0
326.0
500.0
285.0
399.0
285.0
500.0
500.0
500.0
500.0
500.0
500.0
461.0
500.0
500.0
195.0
228.0
354.0
500.0
500.0
500.0
500.0
500.0
375.0
500.0
500.0
429.0
162.0
500.0
500.0
497.0
500.0
500.0
500.0
480.0
440.0
500.0
500.0
500.0
367.0
500.0
95.0
227.0
500.0
500.0
500.0
500.0
291.0
500.0
500.0
500.0
500.0
500.0
306.0
500.0
500.0
500.0
500.0
500.0
441.0
365.0
385.0
500.0
500.0
500.0
500.0
500.0
500.0
218.0
500.0
500.0
500.0
500.0
500.0
500.0
500.0
500.0
500.0
500.0
500.0
500.0
500.0
500.0
500.0
500.0
500.0
360.0
500.0
492.0
500.0
500.0
500.0
500.0
500.0
500.0
500.0
197.0
177.0
500.0
500.0
500.0
500.0
500.0
500.0
500.0
365.0
421.0
500.0
381.0
500.0
500.0
500.0
500.0
500.0
500.0
500.0
500.0
456.0
314.0
380.0
500.0
500.0
287.0
500.0
500.0
500.0
500.0
500.0
500.0
500.0
500.0
239.0
500.0
309.0
500.0
500.0
333.0
500.0
500.0
500.0
500.0
500.0
500.0
500.0
500.0
500.0
500.0
500.0
500.0
500.0
500.0
500.0
500.0
500.0
500.0
500.0
500.0
357.0
500.0
418.0
500.0
496.0
500.0
500.0
500.0
488.0
500.0
500.0
500.0
215.0
500.0
419.0
500.0
500.0
500.0
500.0
180.0
500.0
500.0
500.0
500.0
500.0
500.0
500.0
500.0
500.0
500.0
500.0
500.0
500.0
500.0
500.0
500.0
500.0
500.0
500.0
435.0
500.0
500.0
259.0
500.0
